1293
514
1151
50135
943
582
1299
725
848
1143
883
690
766
424
205
197
270
122
242
90
177
116
72
104
160
149
226
101
945
64
125
824
754
138
75
833
451
38
772
150
46
603
688
69
87
609
397
351
1824
1714
551
1148
1351
1366
7668
1276
1277
532
425
374
4495
2311
766
1350
89
167
2605
50
190
260
56
109
1484
748
70
69
297
90
241
153
325
309
487
304
94
106
217
228
164
254
105
76
322
388
225
144
195
160
118
281
1629
165
192
111
251
181
71
97
90
150
505
139
108
65
144
62
65
59
98
47
326
67
55
2281
1551
71
351
289
294
280
244
188
427
587
520
587
157
55
558
392
378
148
177
254
213
185
140
3737
243
4833
4126
4096
4461
5106
65
172
50
201
190
112
171
85
59
169
58
109
225
341
614
397
336
367
223
128
835
113
126
88
213
64
741
100
119
290
2632
127
134
467
93
181
183
110
81
70
157
147
751
2617
460
349
536
858
330
227
76
660
359
352
935
245
340
1072
418
508
370
566
163
101
361
922
678
112
31
83
655
146
177
130
257
75
317
509
272
774
222
193
127
121
82
202
189
273
67
151
111
90
111
114
77
103
50
444
219
94
82
260
80
1835
3870
589
112
158
226
97
409
315
292
162
145
117
220
138
5724
471
573
326
7883
2826
157
112
84
646
928
1252
603
3061
245
326
112
132
207
3247
85
97
74
113
73
501
286
114
46
66
145
342
258
273
218
394
609
177
1284
438
660
320
432
2262
442
197
109
455
798
165
175
311
99
250
109
120
95
103
76
125
385
124
153
2374
611
238
408
313
280
837
173
525
221
117
105
104
571
114
99
2475
171
75
78
49
215
136
244
1608
256
917
3402
525
319
368
770
626
1642
445
592
774
234
796
751
978
402
1510
3292
2124
1604
1957
951
2026
1368
474
279
1295
434
656
378
641
511
236
429
289
145
175
132
420
153
3761
450
851
11275
405
660
147
261
2998
554
390
324
381
215
464
694
147
211
1432
157
513
311
713
409
82
138
473
425
53
39
1120
41
45
111
77
115
31
65
923
954
696
1451
675
387
105
243
151
718
397
131
282
89
217
188
170
249
173
190
79
120
95
228
423
164
2079
88
217
256
224
124
85
80
127
61
1522
1437
1038
777
868
339
620
1134
679
524
892
3300
519
243
220
232
739
379
414
166
159
136
214
195
88
74
55
480
341
51
488
75
74
62
130
111
245
41
191
64
34
55
66
25
36
40
116
172
26
271
35
72
77
55
37
48
116
49
35
91
33
44
62
66
431
81
1862
597
256
659
128
437
403
436
393
124
89
1984
91
233
94
65
64
73
113
69
93
106
812
532
12140
143
632
46
62
387
6911
516
657
274
249
268
394
428
158
207
236
166
202
41
78
84
96
60
56
69
44
71
34
1679
505
420
174
96
163
218
640
600
77299
416
254
372
266
255
197
196
64
56
141
190
54
64
43
483
237
470
199
208
320
217
229
486
488
275
702
367
777
2537
592
180
477
671
189
32
215
263
27
88
133
121
196
127
12
68
23
47
117
116
46
449
83
24
208
450
87
15
71
123
217
115
429
35
364
602
173
184
588
154
323
166
277
484
579
293
291
673
323
176
196
170
625
693
222
960
593
308
568
388
1108
184
174
1240
703
1668
518
3288
517
657
476
423
500
510
240
244
212
297
65
157
191
352
259
220
543
689
2845
517
341
2308
123
272
878
213
155
305
263
205
262
264
131
3282
348
354
348
325
271
318
428
284
168
73
79
173
86
197
49
58
107
116
52
66
91
474
119
143
162
252
237
40
114
120
64
108
132
252
322
95
108
146
155
114
216
115
170
194
845
128
75
127
485
271
665
235
282
127
93
524
223
86
64
137
249
430
80
95
98
105
194
174
49
129
273
2023
129
219
84
94
141
174
185
206
321
28
114
124
35
518
518
89
155
91
310
2008
873
185
906
652
143
921
55
72
54
90
86
306
2403
542
191
214
287
1291
1473
1185
4896
9523
753
367
329
473
740
286
302
261
271
376
376
439
636
228
151
126
166
265
152
264
188
599
1017
468
117
134
396
356
213
218
445
344
395
625
113
134
62
65
145
90
89
230
111
117
79
97
107
64
137
90
69