1293
514
1151
50135
943
582
1299
725
848
1143
883
690
766
424
205
197
270
122
242
90
177
116
72
104
160
149
226
101
945
64
125
824
754
138
75
833
451
38
772
150
46
603
688
69
87
609
397
351
1824
1714
551
1148
1351
1366
7668
1276
1277
532
425
374
4495
2311
766
1350
89
167
2605
50
190
260
56
109
1484
748
70
69
297
90
241
153
325
309
487
304
94
106
217
228
164
254
105
76
322
388
225
144
195
160
118
281
1629
165
192
111
251
181
71
97
90
150
505
139
108
65
144
62
65
59
98
47
326
67
55
2281
1551
71
351
289
294
280
244
188
427
587
520
587
157
55
558
392
378
148
177
254
213
185
140
3737
243
4833
4126
4096
4461
5106
65
172
50
201
190
112
171
85
59
169
58
109
225
341
614
397
336
367
223
128
835
113
126
88
213
64
741
100
119
290
2632
127
134
467
93
181
183
110
81
70
157
147
751
2617
460
349
536
858
330
227
76
660
359
352
935
245
340
1072
418
508
370
566
163
101
361
922
678
112
31
83
655
146
177
130
257
75
317
509
272
774
222
193
127
121
82
202
189
273
67
151
111
90
111
114
77
103
50
444
219
94
82
260
80
1835
3870
589
112
158
226
97
409
315
292
162
145
117
220
138
5724
471
573
326
7883
2826
157
112
84
646
928
1252
603
3061
245
326
112
132
207
3247
85
97
74
113
73
501
286
114
46
66
145
342
258
273
218
394
609
177
1284
438
660
320
432
2262
442
197
109
455
798
165
175
311
99
250
109
120
95
103
76
125
385
124
153
2374
611
238
408
313
280
837
173
525
221
117
105
104
571
114
99
2475
171
75
78
49
215
136
244
1608
256
917
3402
525
319
368
770
626
1642
445
592
774
234
796
751
978
402
1510
3292
2124
1604
1957
951
2026
1368
474
279
1295
434
656
378
641
511
236
429
289
145
175
132
420
153
3761
450
851
11275
405
660
147
261
2998
554
390
324
381
215
464
694
147
211
1432
157
513
311
713
409
82
138
473
425
53
39
1120
41
45
111
77
115
31
65
923
954
696
1451
675
387
105
243
151
718
397
131
282
89
217
188
170
249
173
190
79
120
95
228
423
164
2079
88
217
256
224
124
85
80
127
61
1522
1437
1038
777
868
339
620
1134
679
524
892
3300
519
243
220
232
739
379
414
166
159
136
214
195
88
74
55
480
341
51
488
75
74
62
130
111
245
41
191
64
34
55
66
25
36
40
116
172
26
271
35
72
77
55
37
48
116
49
35
91
33
44
62
66
431
81
1862
597
256
659
128
437
403
436
393
124
89
1984
91
233
94
65
64
73
113
69
93
106
812
532
12140
143
632
46
62
387
6911
516
657
274
249
268
394
428
158
207
236
166
202
41
78
84
96
60
56
69
44
71
34
1679
505
420
174
96
163
218
640
600
77299
416
254
372
266
255
197
196
64
56
141
190
54
64
43
483
237
470
199
208
320
217
229
486
488
275
702
367
777
2537
592
180
477
671
189
32
215
263
27
88
133
121
196
127
12
68
23
47
117
116
46
449
83
24
208
450
87
15
71
123
217
115
429
35
364
602
173
184
588
154
323
166
277
484
579
293
291
673
323
176
196
170
625
693
222
960
593
308
568
388
1108
184
174
1240
703
1668
518
3288
517
657
476
423
500
510
240
244
212
297
65
157
191
352
259
220
543
689
2845
517
341
2308
123
272
878
213
155
305
263
205
262
264
131
3282
348
354
348
325
271
318
428
284
168
73
79
173
86
197
49
58
107
116
52
66
91
474
119
143
162
252
237
40
114
120
64
108
132
252
322
95
108
146
155
114
216
115
170
194
845
128
75
127
485
271
665
235
282
127
93
524
223
86
64
137
249
430
80
95
98
105
194
174
49
129
273
2023
129
219
84
94
141
174
185
206
321
28
114
124
35
518
518
89
155
91
310
2008
873
185
906
652
143
921
55
72
54
90
86
306
2403
542
191
214
287
1291
1473
1185
4896
9523
753
367
329
473
740
286
302
261
271
376
376
439
636
228
151
126
166
265
152
264
188
599
1017
468
117
134
396
356
213
218
445
344
395
625
113
134
62
65
145
90
89
230
111
117
79
97
107
64
137
90
69
36
69
3756
687
640
377
220
140
52
61
52
67
67
70
47
55
103
157
106
1822
68
169
201
66
51
2282
744
1367
961
1154
935
869
349
952
1178
598
550
200
1787
1680
1693
1474
2986
1891
229
2410
477
445
312
627
1384
383
320
2068
2064
1504
1838
1539
1459
156
129
149
156
286
69
64
153
6274
3734
3437
3790
2146
560
227
192
143
94
139
146
85
676
904
1248
801
615
580
818
630
907
745
1004
1298
2406
590
622
441
754
230
685
112
158
242
624
693
441
711
217
367
285
203
255
343
381
587
300
600
540
418
2718
458
82
516
92
570
199
903
453
483
423
488
877
584
618
568
487
660
468
685
673
1156
313
458
332
267
2102
2113
1104
2160
1137
479
877
2132
611
6451
1029
748
981
993
644
1064
2828
6678
1946
217
2942
1512
1729
5308
4303
542
219
124
291
104
108
903
1696
1902
121
405
332
215
332
171
121
281
421
362
365
606
188
1218
134
330
222
292
2303
421
772
510
373
558
459
102
149
117
114
135
875
1948
1043
1846
1260
1746
2440
644
567
547
520
329
1332
729
169
368
130
439
122
276
145
506
126
143
210
168
55
113
131
123
236
174
237
85
369
282
495
273
249
103
192
213
105
119
1726
1525
3733
3626
1202
650
483
2576
698
1099
907
991
983
962
1539
1554
2256
1762
1120
146
605
1080
636
186
249
217
321
186
1737
8178
5603
11532
2512
3704
2979
3252
5761
4020
3341
5998
15587
1667
378
253
139
276
202
181
148
93
245
258
188
229
750
269
245
190
103
265
146
163
295
167
119
113
1018
125
105
72
99
90
44
150
233
138
45
1262
900
811
694
623
808
4201
1185
5709
876
1868
704
1084
620
325
360
323
306
156
432
558
951
132
379
245
230
233
604
202
2081
181
114
130
350
3092
364
176
386
171
689
1680
304
293
244
251
801
131
723
1869
1320
1441
999
1022
1786
1334
944
1475
153
539
211
78
236
323
1384
1449
627
288
250
135
178
137
82
904
190
67
347
604
496
226
477
196
934
151
311
308
273
227
411
302
791
392
453
316
611
1382
1133
285
331
762
368
432
551
412
329
649
1693
136
1603
75
147
183
141
96
83
915
539
291
260
8165
614
578
2120
348
180
359
252
260
1148
381
561
528
260
103
164
224
115
256
233
181
4084
2762
229
267
242
924
285
985
404
173
342
368
485
416
249
458
1809
300
344
494
639
2888
3353
957
1829
1400
1584
1846
984
1050
3244
1273
601
588
465
354
573
508
538
472
1085
428
359
412
808
440
558
628
604
1247
406
1576
937
1074
198
445
1161
175
816
155
293
279
165
529
229
93
704
74
93
348
61
58
71
81
95
77
163
493
356
538
247
132
877
594
95
94
139
131
316
187
342
144
293
547
325
213
123
178
307
152
97
86
229
116
146
1753
9699
908
799
802
686
236
396
144
116
277
116
230
100
212
460
720
257
503
323
334
299
365
609
486
807
90
85
91
71
72
52
197
75
93
73
98
52
117
150
62
243
127
109
122
220
334
249
125
113
95
123
158
928
474
551
348
106
67
541
263
61
153
106
638
240
245
655
623
341
156
245
95
107
126
67
261
364
104
334
127
249
115
226
81
84
438
427
301
218
237
186
4672
92
28728
18365
23431
17222
1735
1549
1904
1645
1477
247
125
82
76
177
210
148
154
169
75
174
101
3694
339
1707
2770
691
791
1086
923
421
107
309
455
269
218
2389
2184
1656
2140
1277
1995
433
534
2080
2222
1411
707
529
196
579
658
342
311
335
777
363
498
501
611
1515
1632
1737
696
1440
850
507
646
1824
966
680
409
1157
430
348
645
248
188
226
11439
11941
6931
2675
4485
3247
2466
2063
5091
2795
2646
2741
3340
119
263
575
249
277
224
191
286
331
561
2570
1103
1269
856
1268
1483
376
236
340
173
355
230
220
290
2530
2644
2027
4430
1809
1542
13221
9283
775
1900
744
3032
3946
5713
2342
1019
5449
1744
4281
1714
1400
6926
1334
643
773
1125
1580
1246
1903
1063
432
1566
802
3297
806
641
879
2029
2651
1229
339
402
421
314
335
728
250
275
260
553
274
301
99
123
139
124
186
373
738
7498
737
829
198
304
215
191
181
526
222
95
86
150
106
466
1504
1634
1084
1243
2139
435
380
63
60
196
639
1025
542
1279
393
818
1864
1447
2854
1475
740
307
510
139
199
155
196
359
1608
1973
2133
190
309
168
394
144
303
125
118
157
121
188
84
49
64
118
534
150
129
96
312
423
528
411
537
513
1147
472
822
558
507
738
508
307
621
837
1238
849
230
342
4020
415
974
210
276
390
220
401
411
391
234
258
130
230
417
351
369
249
314
711
570
495
412
506
822
6496
4432
3428
3454
683
2812
3813
3930
206
1739
431
419
230
289
275
1151
475
450
1187
349
1420
1096
495
996
1361
1043
718
126
136
234
253
177
149
106
619
602
560
419
1317
1617
602
3589
1015
3062
510
762
5002
1276
1402
3607
856
1143
1904
382
1567
2598
5015
2324
643
1385
1675
745
4867
2138
1113
995
1716
881
2358
2259
993
2920
158
1423
655
386
2512
497
1122
596
484
560
568
589
4145
2771
2564
1820
1848
1449
1041
888
988
594
652
752
676
868
690
961
737
1076
438
284
735
443
2088
1795
1554
1598
1160
1725
1185
1628
2508
1965
1722
1358
1329
1287
1433
1073
1352
1266
2281
627
337
528
412
480
1188
1677
1110
731
777
1743
1135
1067
436
306
435
318
413
1136
1007
437
541
1760
240
168
1096
118
198
92
113
442
116
786
150
915
203
865
323
359
1355
693
371
569
309
532
2759
171
70
66
97
321
4725
2312
729
509
490
533
782
2035
2556
1204
11919
788
1212
1184
897
5633
794
813
707
811
324
332
303
294
376
544
193
515
241
2202
1206
464
205
979
481
701
1086
1401
1259
1286
988
339
1133
997
618
330
809
798
470
956
277
206
181
214
236
196
1601
1625
968
1232
1824
2178
357
450
2900
339
228
457
113
191
177
395
235
1267
1182
1585
1427
700
1387
1147
596
636
323
355
258
265
388
1277
884
930
694
1422
146
161
231
387
1436
889
1055
774
1262
188
115
111
81
77
86
809
61
193
81
142
91
102
157
186
71
284
1612
2087
759
612
867
1452
949
905
2630
1421
1709
703
1460
207
151
126
89
117
132
66
97
77
104
85
131
1881
566
2467
2530
1037
529
692
4117
583
465
2344
410
667
1012
595
433
539
918
371
206
199
189
211
701
221
126
151
378
179
324
172
331
236
194
131
340
130
69
172
108
129
349
162
111
91
115
77
155
363
209
164
250
533
156
4017
1196
436
456
786
615
1289
1120
2772
3670
1671
610
572
385
558
539
404
695
310
362
237
201
371
296
185
483
281
257
257
308
162
295
654
366
66
277
257
62
131
1804
296
4774
214
454
562
639
464
1369
2959
5789
3693
5740
6379
2215
3354
901
374
269
1646
802
221
122
98
134
117
109
112
27060
354
458
231
130
96
161
2090
214
120
113
93
78
208
96
893
661
560
363
5988
363
3725
4248
974
636
416
350
2293
2257
1272
614
525
455
568
847
1466
1708
1496
877
1885
1011
780
6429
451
2402
628
281
383
474
472
292
260
259
504
448
434
503
10756
1446
3065
3656
1427
552
619
791
558
703
1043
354
377
529
432
351
1097
1160
764
530
672
1045
677
13956
10922
10667
11820
5380
8266
9776
10863
7155
9583
210
81
132
108
463
105
125
268
262
172
748
132
184
296
125
166
272
328
5403
1334
565
815
2133
686
870
963
433
1240
877
937
620
299
1649
657
545
968
586
1639
757
518
613
192
225
563
719
352
349
138
485
865
373
235
224
305
558
824
425
563
561
907
783
780
530
922
1958
357
260
101
185
97
286
237
200
783
2429
1308
2186
2069
3291
993
1073
3083
2213
1515
993
1456
1032
828
1032
894
789
969
929
1005
868
830
968
686
556
869
319
276
303
286
273
246
205
212
297
213
886
408
414
782
711
533
512
470
687
334
293
967
213
167
162
426
900
779
929
855
762
529
557
675
551
598
406
534
16503
15064
16523
13046
293
315
1611
13995
8002
8981
21386
10857
930
641
361
259
345
431
295
502
314
516
42200
20697
36157
30663
28250
22822
1205
325
267
435
161
830
133
137
854
766
631
1999
794
555
533
554
572
557
689
696
588
293
395
289
395
527
273
301
392
382
434
2412
4456
3308
3264
3785
3919
5106
807
1673
1107
783
503
1118
1037
804
610
559
1362
1295
506
543
518
537
414
344
366
451
379
337
387
457
497
1530
511
580
70
79
218
203
225
367
313
1197
3309
1113
1161
1184
1137
1105
1992
1736
1322
1534
1735
1156
2552
1360
1300
1720
2715
3511
1980
1362
208
975
4515
8923
3016
12162
12209
7578
3540
9290
16088
14409
482
467
2604
876
261
250
759
647
566
4998
7521
4262
3442
71372
3197
3385
10010
5786
4354
5037
3675
14620
5237
5476
4741
6864
6861
5295
6587
4516
4353
6101
5105
2067
2126
2004
2232
2485
2259
2413
2062
1702
170
324
217
664
299
137
140
133
301
2756
2065
1908
2648
3343
3493
2175
2557
2160
2699
2946
3052
4705
452
435
477
485
325
333
472
453
911
734
619
561
454
442
472
221
293
143
121
89
101
90
97
183
164
94
83
98
95
90
49
74
298
78
82
85
122
94
103
124
117
74
113
106
157
581
527
380
352
267
301
380
2111
2051
1462
70
53
76
73
652
326
490
386
356
327
196
216
325
222
195
141
284
3081
2903
418
507
453
3846
3713
642
4958
4438
7537
7068
8098
6854
10953
3946
6102
4351
6540
4616
3114
1793
2748
2153
1983
2321
2580
5463
1776
67014
2059
2736
1818
2831
3371
2166
1963
2059
3564
1983
1992
1511
3460
2430
1901
2565
2204
1729
1877
3595
1775
1979
294
611
439
258
239
216
7253
253
150
242
207
694
194
246
284
335
357
241
290
431
159
1663
173
267
248
222
328
229
303
468
523
579
478
374
279
343
247
297
295
605
1517
365
200
161
186
389
272
254
381
300
827
1289
1243
772
893
821
749
1062
576
218
267
223
245
192
341
240
214
172
326
445
305
301
454
209
268
414
494
720
557
230
551
906
553
622
615
432
551
556
465
692
1141
819
5074
1663
1392
984
1303
6038
2222
792
1088
451
289
882
331
316
3228
298
599
1284
1072
159
188
149
148
279
241
139
843
1494
924
2106
1234
1677
1039
982
895
831
743
1802
505
778
541
817
688
1255
883
642
561
734
640
910
634
574
1685
1440
1160
249
215
1237
1628
1157
169
404
140
207
156
1392
179
168
150
129
161
221
2172
287
1776
347
536
400
301
999
950
2284
1734
1996
1702
2482
2679
771
1415
2923
602
1158
933
5440
663
770
392
23562
683
4580
23616
379
451
711
1897
869
1230
19331
38713
3578
5040
3096
2833
1983
3399
6739
17202
3780
2389
4362
1895
4123
3858
2821
2008
4062
2730
1818
1417
2586
1810
2056
1358
1193
1271
1286
1148
530
249
789
743
845
1076
1636
536
590
2217
1433
1188
450
342
2495
1637
1750
355
443
185
156
366
204
211
174
630
578
343
698
378
213
425
463
1039
604
502
782
583
591
860
627
843
623
1188
881
867
590
727
983
730
601
593
610
783
455
903
577
552
802
2502
563
655
562
726
880
528
551
669
1641
1628
1136
8596
720
2661
1187
3030
814
646
981
3026
2031
503
847
537
339
1050
412
1144
294
1831
799
1432
1449
1607
237
720
427
404
1688
385
998
807
244
305
178
363
245
251
339
284
187
167
169
167
197
204
173
485
239
187
230
207
210
234
296
1174
1714
841
1301
2222
1296
2761
838
666
2445
3360
4957
508
4313
2739
685
1424
2017
5468
2333
3034
2850
634
1301
2962
708
1693
633
529
719
3632
918
946
482
1381
2744
1215
1077
679
3686
580
612
505
2036
173
90
107
116
1400
1253
1075
361
3669
573
970
702
2347
947
2189
3018
558
3793
806
525
4421
1183
395
1165
817
407
356
1925
648
3665
956
446
613
423
513
487
561
2892
1485
1714
2292
2144
2577
1398
434
787
248
335
613
390
349
416
543
583
810
680
580
857
755
497
593
612
690
703
846
584
716
3181
987
772
429
382
658
489
740
925
2141
379
486
2724
2376
2352
2803
241
364
596
381
707
1974
985
1901
547
658
601
517
273
615
1253
347
734
1192
304
376
455
712
402
1122
400
398
668
2467
459
462
630
3245
577
1057
532
213
1413
1727
534
1153
888
105
152
119
112
140
188
2065
734
1558
4190
156
788
718
932
5049
512
1770
509
867
4252
1535
1109
1922
2155
983
1306
9421
469
1447
1435
652
650
1057
6409
1271
651
2564
310
262
1781
830
1187
312
875
5015
1107
4538
1146
3719
702
691
1240
2281
687
611
352
358
479
600
763
147
284
159
140
120
98
144
148
143
1791
129
211
146
264
117
234
711
209
463
161
324
4510
1352
1627
282
2037
1053
999
1454
1444
1076
2544
3158
182
164
157
491
122
97
53
28
99
29
60
34
32
29
53
336
304
266
181
509
156
150
256
938
148
219
322
141
168
144
573
430
528
387
342
707
652
187
142
134
156
164
138
492
725
516
740
597
1233
674
929
1154
1573
2146
1162
426
474
1370
337
393
250
345
376
612
703
666
713
603
608
453
385
600
310
44
421
83
65
87
247
181
135
1404
139
265
149
163
119
125
1380
1171
1636
1724
2300
100
152
150
308
75
93
85
139
48
32
76
197
70
57
15752
15431
12170
9140
12200
11445
17330
11880
9881
12696
12109
129
117
109
160
146
109
119
332
159
132
117
80
79
694
396
511
1595
6572
497
676
1562
463
696
307
420
268
251
209
186
2147
405
621
426
3809
927
1257
443
252
293
260
362
556
494
266
425
856
285
259
273
3571
509
828
933
681
1289
383
286
135
163
124
347
107
101
196
167
83
98
69
44
226
47
86
96
403
121
148
302
170
2178
298
187
125
384
123
158
964
98
222
90
97
109
118
100
170
125
1079
769
716
157
231
274
226
433
1762
1362
1195
1825
1278
1133
11214
6319
3850
7777
4878
5782
6580
6082
5337
4688
5561
5439
5009
12065
7488
3551
16119
2760
1510
2258
270
85
226
90
153
73
157
4968
181
3157
16854
945
6483
4533
2402
1236
1569
2096
742
607
1096
280
371
342
100
184
76
178
108
102
78
80
117
108
135
7625
9714
7065
5976
8592
10366
8508
6794
5935
24276
14435
13986
9396
1003
1385
918
1655
1362
636
1680
492
423
1241
639
739
328
761
649
2468
1541
3278
340
1917
252
1571
408
324
344
507
2496
412
553
661
6482
413
656
539
841
505
522
586
1843
2142
1601
519
1599
1478
615
981
1402
616
462
495
428
371
326
298
550
1989
523
386
530
875
6202
1510
665
1106
965
1144
1079
475
509
358
1018
650
1537
336
373
268
448
282
185
339
306
321
232
277
353
208
1353
434
650
802
476
572
811
827
1929
1071
596
178
75
749
72
72
121
133
719
325
279
232
331
302
283
210
203
304
352
193
263
275
143
135
468
154
156
229
159
135
140
174
182
215
169
337
343
248
328
239
191
402
116
205
518
173
133
299
104
402
138
243
222
426
236
254
221
390
329
538
565
899
358
1415
2084
2111
1034
1544
1954
91
192
71
174
136
93
97
237
1966
5605
4283
382
275
283
360
610
537
825
985
233
2853
1743
1287
1287
2586
87
181
85
109
109
74
128
134
132
365
80
167
127
127
632
88
935
676
692
1198
1337
2972
137
81
110
159
144
94
197
155
999
868
550
776
371
235
366
413
429
639
327
349
576
491
1665
10428
592
466
382
483
374
436
223
198
543
471
2244
485
758
1569
390
537
1105
3103
1524
755
655
565
506
702
602
735
917
1376
1068
1068
801
820
651
751
768
638
704
586
605
656
639
628
1042
1179
622
674
1083
292
209
222
357
316
244
254
247
205
300
335
459
858
424
464
404
1379
429
462
770
1539
1658
114
89
128
65
5281
478
789
287
641
924
663
630
860
512
801
1115
1042
742
716
1025
4161
628
483
367
651
811
291
436
391
300
985
307
361
440
449
550
1783
2642
1303
1659
1496
1280
1419
2399
2376
2339
223
136
478
265
2168
1401
579
764
245
1011
1814
434
781
910
1927
1698
1844
1570
4829
3718
581
365
11512
6584
7612
10856
7740
9141
715
1100
562
833
1571
467
1561
1224
1771
2390
1113
734
569
333
641
553
834
1680
2362
3043
631
890
590
3734
1073
1046
2570
5408
1008
896
1068
2788
1161
531
509
907
4778
1488
598
2650
1021
893
2129
6485
1383
1756
2579
1107
340
555
377
761
3595
7611
336
280
862
1829
516
652
522
609
337
510
427
367
373
417
525
402
359
653
596
821
1563
1475
978
1041
833
1084
549
205
439
566
2349
2191
1686
2090
1491
1979
5447
1547
1196
16989
603
5889
8145
615
1841
1651
2429
10911
17249
9359
5406
5247
6187
7013
7883
7263
8637
1279
1194
538
644
636
676
524
751
1300
577
592
738
735
1123
1020
928
739
972
433
422
838
776
1947
734
460
686
919
713
683
1638
711
1422
1143
1185
953
1263
404
446
468
287
549
974
382
672
467
698
419
646
1436
1042
13053
10074
25077
17792
972
1105
924
774
3207
1174
1386
3992
2242
690
1920
2544
1000
1266
2033
901
2844
1914
3964
5463
2277
5580
3150
2147
3869
3574
226
1183
1231
4191
1061
332
384
637
296
412
764
326
279
398
577
182
95
79
83
304
58
57
262
67
102
271
2483
1212
1689
1195
2165
1883
698
651
1437
822
348
1808
618
316
411
588
711
427
456
399
410
621
381
308
282
596
819
5447
760
338
813
604
1798
653
519
660
983
10695
630
1142
2286
1484
195
150
885
227
228
1264
1068
897
4099
1055
548
570
655
548
650
725
343
383
478
484
153
370
124
297
245
2819
2089
2613
4760
2288
3477
4691
251
305
265
235
187
143
181
433
178
168
1248
4210
6875
6084
5871
268
393
512
1476
2766
979
435
254
269
174
137
254
155
129
100
189
340
3952
3818
2672
5159
5618
5398
2694
3495
2812
2549
1476
1082
4712
2517
2678
1456
7174
2076
2345
1724
2208
1589
2119
1914
1996
4652
588
861
354
754
407
774
990
1290
802
1541
1050
842
694
294
1733
2880
3233
2057
5526
1935
843
720
335
264
470
282
242
191
294
475
1713
325
179
155
223
163
286
509
3283
1554
793
1426
1153
6038
630
1161
977
686
1793
992
2803
1374
904
869
824
593
811
1083
1904
833
622
5607
1139
1208
697
1986
839
1630
3710
2052
2868
800
2701
1477
1692
1038
1424
1054
1740
2984
460
404
472
306
195
159
215
133
130
233
691
282
221
149
143
284
174
174
163
242
276
363
267
262
665
302
245
80194
1023
958
534
613
214
182
843
132
430
159
232
212
197
509
228
214
199
726
424
288
362
219
386
341
337
2140
1464
3623
1712
2218
3696
825
602
453
876
903
559
956
721
556
623
644
709
447
653
670
642
642
66
77
520
57
123
58
119
62
119
184
599
213
422
757
372
178
427
139
337
416
244
8106
4134
4067
5348
7393
1377
2203
843
494
546
2354
581
565
1286
260
413
356
239
395
2518
586
455
3678
2920
3200
1962
1912
2267
2179
1825
907
899
1063
1371
976
2636
2115
206
362
186
194
260
200
256
213
270
4785
288
411
488
675
439
761
927
574
512
590
173
343
194
190
1146
1187
1321
1276
955
1047
73
66
131
82
80
941
594
1278
602
542
1498
437
374
865
2141
784
907
1181
2546
276
266
264
258
1051
917
423
986
829
645
2365
334
387
292
368
282
427
2632
2606
2321
1987
2055
1766
1992
1908
2955
2433
3204
2848
4322
156
369
183
386
177
568
231
142
102
137
336
255
5442
6866
1837
1710
1621
1592
1443
3107
1290
1478
2435
1802
1828
930
727
2161
957
702
556
667
866
730
1230
416
16656
16622
15374
23765
338
501
695
207
455
837
888
635
1043
442
334
391
1102
151
231
146
147
105
214
162
233
318
299
375
383
22485
1195
917
628
442
382
736
584
739
573
1137
1439
1341
20298
1291
1698
3836
1990
1085
1091
927
726
287
445
459
370
345
224
331
565
272
488
56
46
49
145
45
67
133
70
70
124
98
63
80
206
106
297
351
260
552
255
479
784
529
1860
264
123
109
639
189
104
131
122
1013
1415
659
491
1240
609
311
686
457
474
2817
1979
2331
2791
2498
3498
4388
733
785
1623
850
2973
991
1219
1610
2639
911
553
906
4590
5128
552
466
792
869
1590
1111
1684
569
373
717
482
296
1265
1048
429
250
342
604
426
541
276
900
430
319
299
266
229
977
444
401
180
1253
1239
1306
4062
3705
355
385
853
458
868
769
1413
1319
1617
1045
744
598
516
645
2639
23744
303
522
392
440
436
350
361
894
282
2352
360
1909
608
2414
908
389
4509
2815
647
887
581
540
882
700
679
748
153
65
142
132
44
38
47
257
35
54
52
123
30
67
28
193
68
376
92
146
142
118
90
114
94
80
110
153
507
186
121
329
222
172
1236
332
339
294
582
276
2204
3450
484
472
411
764
1388
538
65
61
95
264
216
76
113
2419
723
818
887
479
443
407
1623
5466
8713
777
764
634
932
413
1771
1798
1020
435
379
815
1647
1158
740
1357
995
5217
687
490
1167
522
957
1308
1494
999
974
824
1181
1864
1084
501
1082
1215
1554
1582
2031
1240
1068
1401
1269
862
2521
1522
560
793
533
2853
734
832
749
2278
1115
2083
2124
2629
1800
589
637
480
368
320
596
227
112
202
247
229
93
158
112
140
118
206
145
303
216
345
251
180
155
322
221
222
777
665
5804
4331
4823
63
100
80
131
324
476
446
375
778
776
708
964
823
875
1636
941
764
2116
1619
2654
1966
1430
1297
1318
2025
1092
1303
2853
2756
3043
2534
4749
7875
2881
2362
1135
1266
434
451
483
449
933
593
457
395
494
390
685
314
1383
385
625
1039
2742
511
362
182
160
1231
176
139
162
255
253
457
967
500
247
272
267
708
200
131
66
77
99
41
50
45
171
105
114
1467
455
663
1068
509
552
650
432
525
1020
3768
1749
1853
11929
664
743
790
513
553
7241
548
547
501
561
578
477
589
560
950
1888
1417
489
58
26
44
42
47
80
83
61
46
215
2251
5242
880
1439
1007
1314
1971
2173
1946
2126
2101
1410
2398
2501
1846
1904
1282
1330
3964
179
196
180
186
219
285
206
157
242
191
235
9211
1175
657
703
422
884
456
1266
530
1504
432
386
1478
443
1198
221
1932
911
190
270
127
452
216
363
222
266
166
460
272
228
132
295
295
187
118
94
108
143
111
254
178
395
292
366
477
874
395
754
568
384
375
8151
1041
1460
755
1110
1711
1359
2131
11198
1159
1906
1216
737
960
573
499
492
578
501
4745
2646
2083
8975
3241
2313
3718
3824
6207
2318
71683
41336
35334
33820
2009
468
274
222
106
165
179
119
115
274
104
121
298
189
173
141
610
529
460
382
240
513
448
5840
407
209
3477
2000
147
322
233
626
270
246
309
346
1824
1322
1242
1034
1232
1597
1344
790
508
442
908
260
5778
210
457
357
270
292
400
1223
444
202
347
272
997
462
169
234
115
225
205
279
327
688
415
1463
3880
2133
3489
2307
2391
2255
3751
2940
2188
1008
889
1046
330
716
367
378
377
372
674
482
212
115
105
151
189
199
935
2085
628
489
269
6313
530
362
800
731
766
7764
405
642
489
494
178
138
250
154
170
129
117
318
178
212
260
1257
489
360
1769
4550
2762
1577
762
981
506
705
971
474
1044
667
1812
1721
1890
1910
3025
419
171
159
278
237
122
149
109
172
131509
6704
4170
1768
852
516
11544
81360
459
431
5113
4422
1528
1439
198
638
363
394
523
281
341
587
436
590
572
634
949
645
602
1378
1038
444
382
494
419
438
426
904
713
2067
1218
1065
1369
1327
1885
790
1322
2580
1031
1466
1163
1495
1373
1734
1883
915
755
1149
198
307
306
870
337
927
262
169
1705
1276
2045
1052
11066
2658
3591
1084
1046
1321
1147
1450
1786
1430
859
1395
1186
972
697
913
751
811
662
1082
4071
1083
6199
5231
4539
7160
12115
8176
1187
2815
1780
1574
2338
1150
883
633
355
51157
37252
42250
37970
33866
2744
253
4657
2727
379
568
1446
5674
691
1198
883
32503
855
613
441
1025
458
2161
362
496
591
361
340
1071
19228
5782
2596
2168
2113
2038
1482
1916
1968
1446
3081
1618
1980
1913
6226
2502
2843
2313
6217
6442
3790
3606
5756
4143
3380
4295
3663
4072
5401
6044
6361
9385
5011
6211
8447
10331
7740
197931
26003
71063
11714
9545
9525
28586
13776
33885
8682
26064
9894
8968
11745
905
349
162
408
473
228
234
1800
2441
1706
2445
5698
392
184
89
121
81
108
74
68
94
60
209
110
52
119
72
131
80
193
185
124
21697
1929
721
978
718
1090
39497
3332
2399
1960
2155
1957
5742
2708
2701
1700
1907
2874
4883
989
890
746
455
537
514
845
691
685
785
468
682
387
500
300
363
419
450
263
854
285
298
366
443
238
312
322
374
618
398
1149
531
340
397
1046
20704
1740
650
891
1477
932
726
850
688
580
322
340
502
205
483
570
259
540
309
536
277
479
133
118
60
81
52
40
72
58
33
172
88
74
138
116
1871
1508
1609
1663
1920
1591
2610
257
221
567
125
212
126
251
291
213
255
157
616
632
906
665
620
838
841
661
1449
1391
645
1243
847
503
722
577
558
700
602
694
669
1047
5810
6165
5047
7820
1377
1291
2082
3052
2270
3682
2991
3541
2508
3583
3924
5248
305
143
105
198
196
1523
1358
1248
943
1614
1253
207
390
880
255
279
260
602
695
262
2819
1202
849
987
763
3843
1417
2655
1702
1672
1358
1895
1606
1664
1404
1286
1350
6056
1878
1090
1044
700
478
623
2282
1739
1781
986
630
916
1288
813
893
4568
1024
901
37033
870
1364
1516
1124
1317
1133
1569
2264
1341
1998
1741
1975
3053
4065
7715
4449
3479
10296
2013
1341
1364
1240
1941
1849
20890
16043
17175
13802
18815
433992
18695
23404
21203
25163
40129
40125
32579
410
354
222
361
208
165
220
285
190
277
288
262
191
187
271
284
207
831
1295
2484
1931
1208
3466
1492
1312
1736
1812
1874
1837
1730
2022
607
847
612
494
792
911
1245
808
1167
4893
446
188
433
392
303
756
417
751
455
300
271
408
991
400
3150
973
704
552
553
378
474
523
451
386
408
451
384
459
608
353
726
349
393
425
573
493
531
601
947
878
744
5538
6300
365
265
3028
489
2404
1741
1370
1995
1767
4247
272
283
248
309
252
238
347
479
290
668
765
650
1416
956
1221
1091
1548
1471
670
1434
558
2885
553
878
1211
458
568
500
863
1792
2249
11110
2010
2330
6558
18148
6645
991
1250
3591
2093
2188
4713
3428
2651
1805
7280
6214
7960
4088
3408
4947
2907
4368
3242
5170
3167
4223
6013
7505
336
469
413
359
273
338
481
483
514
454
895
1429
730
564
726
644
535
578
1498
575
646
691
707
4464
655
581
673
1115
484
561
482
1464
548
1533
653
750
5689
685
739
625
526
630
766
534
1563
1374
2491
1433
2577
2427
1433
1425
1046
2472
1575
1332
1002
3403
1241
430
175
158
713
782
926
1513
780
1010
3368
1392
350
305
797
645
927
2044
4999
2715
5303
2672
1936
1508
1532
1303
1176
1304
1090
1265
1194
921
791
1675
1201
1242
959
1087
1243
1425
331
279
358
263
242
466
526
1308
1459
1896
1229
322
581
570
239
417
232
293
318
405
336
401
453
691
270
243
180
222
124
221
222
363
342
560
3815
1799
551
506
634
407
1017
1717
2092
1104
4068
1238
970
799
513
7252
2058
1581
1323
970
1234
1394
2705
943
6767
1426
1487
2385
1141
1532
1506
359
381
189
299
370
432
3426
3565
2824
2613
5529
435
317
659
509
1034
277
283
499
239
217
428
4021
1850
1172
1281
2432
566
670
1938
958
637
1014
1880
1175
903
2828
324
388
563
445
172
177
102
107
97
127
326
142
493
379
352
313
244
188
236
556
300
194
201
217
323
190
573
174
306
311
279
328
111
148
162
255
319
182
197
180
260
527
486
305
838
206
191
323
343
310
333
781
2705
210
138
165
254
84
428
105
142
208
139
118
353
334
179
493
189
323
376
158
310
790
912
693
619
315
256
282
326
788
1057
1030
348
164
526
279
132
190
180
108
395
213
150
173
428
2223
430
1951
226
4952
3457
4150
7869
5002
1331
1676
1326
1076
773
1261
1589
841
1049
838
746
902
912
1417
1709
1145
825
762
1899
863
1429
1020
1266
1162
16549
10251
11236
19211
17849
443
489
718
357
303
130
60
1678
219
1180
260
200
145
3029
1318
455
629
1431
2128
4015
12574
2957
1714
1786
7189
1302
1165
280
167
208
186
177
477
204
265
1520
350
974
760
535
395
841
673
16654
3559
3226
881
597
235
82
112
79
244
155
145
85
2894
3402
11526
2421
2023
3257
1488
974
866
734
816
802
925
667
724
740
3208
746
613
625
776
1106
996
933
710
1246
977
896
1899
1373
1351
1208
1075
1217
993
940
1329
2128
7115
4679
273
229
177
197
169
546
211
521
286
2116
1165
472
443
308
393
387
269
496
1016
741
2966
2078
1548
2558
859
2211
1188
1089
610
957
3868
834
498
600
554
454
460
744
530
588
1258
20808
673
1368
838
722
604
843
638
792
6551
745
966
1335
1812
284
217
216
286
361
676
320
286
539
398
1049
612
494
1180
1586
855
961
981
1437
2252
425
404
408
597
910
1125
501
7361
12160
13302
22215
128907
411
8940
8596
9978
8155
12957
1301
10592
41256
8221
14369
14209
629
411
404
230
144
459
273
183
191
591
207
221
88
151
138
131
81
235
250
134
152
270
109
112
273
87
171
118
338
290
408
373
297
325
231
242
287
250
446
217
273
242
378
184
298
395
254
526
1077
362
249
1122
164
93
3394
2136
2883
4077
4055
47
43
60
104
11581
8735
8987
7898
169318
14598
962
2070
1515
1596
1339
2253
1714
2944
2888
1849
1599
3260
2684
344
367
310
341
311
295
257
382
340
316
269
338
293
317
265
283
293
271
235
320
315
480
435
296
288
331
407
533
459
358
438
813
632
639
565
615
486
554
602
599
644
858
698
803
1820
28396
7662
12397
15929
10338
17633
10798
46051
1051
601
931
304
418
985
999
1341
1270
721
400
352
355
2196
610
489
122
76
212
53
76
102
129
93
78
292
387
331
63
184
113
60
132
405
157
389
271
682
590
121
453
233
4896
3362
4058
2115
4543
2475
2043
21902
331
169
269
575
370
225
978
1500
238
193
327
169
233
1892
1008
4990
682
496
524
487
185
106
177
317
232
661
1064
988
935
1297
850
31865
996
557
1475
653
751
1132
2774
629
542
591
359
1109
1101
343
658
642
358
841
460
561
505
1857
724
720
546
665
556
673
484
415
689
669
489
559
889
776
693
683
598
652
855
1008
1025
825
723
1596
1593
186
308
680
315
390
449
655
134
332
167
257
4261
152
202
528
94
132
128
189
506
116
84
107
76
71
154
86
169
87
116
136
269
133
961
947
2506
1271
48
952
359
278
194
290
232
264
372
565
780
5949
610
956
738
1154
771
669
1449
1151
1392
2216
99
493
147
182
100
81
119
119
91
989
41385
30074
56077
12568
30305
14152
53643
27192
796
710
1132
5226
4342
8011
4223
396
260
241
823
339
443
1002
185
306
347
477
434
223
940
963
528
1765
2649
3280
2175
3479
1487
1542
2003
1653
1341
1708
1749
1801
2133
1855
4712
3405
2777
3532
1690
2375
2388
4937
3286
3248
6330
4493
782
474
990
355
306
1702
1668
815
955
869
1575
1869
822
923
1285
1034
1221
1701
8959
3284
5282
6142
7772
6422
2879
5856
3090
2988
3536
6459
4388
7475
8203
171269
6690
6913
5128
450
557
2828
2876
3091
3610
3024
2607
4283
4272
3226
2908
3164
1927
3868
3520
2726
1960
4555
2799
2824
15930
4288
813
1754
804
650
1096
1551
2679
2513
3264
1924
1969
1837
2671
2850
1626
1554
1624
3654
1575
1566
2983
5734
2168
3652
2707
288
184
253
348
313
482
201
195
224
249
164
192
885
1550
1056
1117
1430
1474
1782
2399
336
271
269
1290
2124
2220
1941
1823
1722
1292
1930
1885
2758
3759
154
124
157
129
116
280
170
176
5899
2075
308
329
353
1297
265
374
342
314
261
509
392
404
1036
1045
985
985
1242
1110
673
971
464
327
430
350
3877
4641
4139
3399
4054
4549
9512
7217
2283
1528
8895
2050
2523
87
59
59
4581
1793
1393
1357
1378
1578
1753
1538
1795
3002
2962
14873
3285
3507
3036
7022
256
406
1204
540
381
368
385
384
381
572
303
155
299
331
268
273
312
122
256
204
142
401
278
344
723
656
369
334
260
232
231
217
161
148
184
187
221
360
135
185
191
134
184
1041
156
186
134
161
190
322
232
314
2118
6116
41557
5324
5081
4432
5591
10060
6927
7697
4760
1039
1465
1582
759
637
1191
961
2143
1320
2442
1135
2542
2010
13785
2010
2202
1669
198
249
326
76
151
288
265
283
100
302
162
156
7514
1967
1205
893
1580
1842
2471
1712
1532
1585
1254
1187
1387
1041
1382
859
1015
103
42
126
933
200
448
316
78
1022
1114
936
249
7831
394
318
244
274
207
197
174
185
224
183
279
588
443
436
413
348
248
438
242
669
567
2061
1241
1630
1164
1068
4394
815
643
835
721
642
1011
615
787
614
583
251
195
225
260
167
105
185
149
83
177
147
408
2317
2960
5107
2819
4607
2811
4019
4659
5195
694
476
865
474
1488
1108
713
404
331
529
127
240
130
304
325
1708
422
596
865
690
837
503
73
30
37
43
46
413
405
71
104
25
98
713
93
67
92
191
29
88
34
271
65
103
132
125
85
86
48
80
42
88
108
45
118
71
124
111
264
152
1023
2134
1316
1197
899
1684
597
519
974
1908
618
792
2086
1931
726
485
351
148
154
128
118
199
377
163
173
140
125
358
310
191
971
807
1293
1294
1637
225
308
228
142
137
184
123
143
271
219
930
775
1084
941
1355
987
916
1873
957
2855
4407
339
443
720
358
362
357
1714
1228
439
440
395
369
341
501
547
484
1543
941
247
171
135
160
150
225
204
523
331
266
237
235
363
141
179
113
101
355
112
103
240
210
220
246
77
73
333
1684
74
146
64
133
184
74
246
91
119
312
132
1033
227
134
87
985
369
121
184
577
158
275
297
184
164
292
200
181
457
114
150
227
218
248
152
161
157
322
297
150
107
152
522
194
174
166
187
602
150
250
152
320
238
351
555
363
364
201
4776
178
4928
8126
4811
7278
8137
9588
1225
2170
2722
1511
1470
2158
978
29482
557
62
45
45
168
90
79
112
524
153
167
135
112
216
188
448
593
2542
1006
553
4801
1641
2117
3636
918
2843
4031
1154
1721
1492
1714
24098
2125
643
1641
2108
1837
1509
1492
2225
4659
12147
3232
5140
5356
6237
360
1117
865
505
358
1330
351
2430
473
514
451
480
449
17167
2701
1885
2235
1956
1744
3316
3225
3183
1649
1370
949
1353
992
1161
1035
690
331
489
433
735
382
540
1281
942
715
673
519
489
489
409
592
506
531
996
655
739
1254
1877
39905
1097
734
1777
3912
4075
3362
1867
1476
3103
1828
2073
550
971
1919
997
782
975
732
5639
1293
2047
1129
803
600
1475
466
887
674
112
189
288
87
497
165
516
146
101
230
302
1429
740
519
342
736
1541
506
1140
1408
713
792
1008
701
361
582
569
858
1058
732
594
699
750
725
532
1001
684
716
506
599
343
1688
783
738
427
258
929
308
3321
826
803
2423
342
527
431
4726
872
2601
659
427
1069
894
676
616
1196
107
152
188
66
3057
152
72
74
121
77
127
98
171
333
2006
300
410
106
194
307
48461
4843
221
170
4260
425
380
314
396
1047
699
785
1090
764
1213
406
779
311
455
328
224
276
881
421
583
1494
1621
897
1675
2896
2199
344
335
247
242
801
203
219
2173
208
272
277
276
317
431
77
664
408
316
214
476
183
384
228
219
196
474
160
527
116
88
121
137
208
105
95
539
107
260
74
76
82
159
318
135
112
717
356
447
598
1413
110
126
82
63
145
151
54
84
56
64
275
152
1207
36304
523
377
764
303
1514
714
802
743
425
1029
808
728
349
442
504
764
510
664
517
983
858
1458
429
333
256
244
250
394
563
303
354
171
141
282
238
155
284
2234
303
558
280
284
235
441
242
275
153
204
237
247
178
2593
187
860
1028
371
181
292
173
199
198
135
153
198
150
563
152
237
588
171
217
182
221
210
458
322
327
307
403
1380
395
170
140
257
339
199
604
201
402
289
7443
4381
3748
4512
5476
4475
25730
4233
13657
541
753
1574
124
295
140
928
643
283
335
390
200
243
348
252
320
400
269
322
3535
431
461
442
249
476
443
475
513
432
545
468
570
708
861
554
1119
1037
841
167
340
224
147
169
121
150
223
222
100
131
155
124
1635
3857
1592
1623
1457
3553
7238
3187
2280
2476
697
455
340
572
1182
390
280
263
6614
230
164
138
143
166
80
88
599
80
189
125
109
132
269
297
151
1377
56
41
45
288
157
42
33
65
153
67
188
152
152
402
872
1034
657
258
195
147
210
166
157
154
190
178
369
443
202
2470
2881
1462
2419
2149
1696
1509
1635
1669
1467
1930
1909
302
210
318
241
266
203
220
273
913
6224
8065
2619
5278
327
362
409
149
112
868
335
266
259
425
415
269
241
1909
414
466
314
234
711
494
824
688
960
1047
776
407
341
339
414
395
771
8135
8226
13225
47967
14367
1109
988
889
767
1055
869
584
1094
5698
635
988
895
420
541
3493
737
1895
691
621
287
215
401
267
235
335
225
271
257
216
3702
3451
532
355
349
282
580
1158
1044
919
7585
4979
4612
1035
1003
914
1066
1222
1334
777
639
515
441
625
4289
675
525
510
1487
58157
1177
2586
216
179
141
1123
110
117
86
202
146
1105
975
1205
828
962
1408
2638
1739
618
389
458
423
306
624
1513
1733
554
434
616
497
367
502
427
929
605
388
870
979
884
727
1739
658
669
532
532
432
318
375
610
628
517
985
690
531
480
410
619
650
486
448
1090
1247
841
725
976
1176
1404
515
316
607
237
408
366
2027
817
2997
3749
3266
4849
3857
3421
3825
3611
4823
5436
4950
4216
6435
6309
6576
531
517
221
361
694
265
296
436
871
32232
79274
11346
5540
10464
17732
1622
1605
1640
949
271
593
464
405
707
1235
786
971
1343
1549
1592
1985
635
325
399
1984
284
307
835
400
186
141
194
135
262
199
183
607
406
355
412
697
6345
12863
3596
5710
4064
3098
4260
2029
551
269
276
98
156
178
615
2298
2111
10598
2175
2086
3776
2849
1641
2353
1792
2961
2997
446
355
5267
1744
847
25186
32413
27886
34082
48563
35573
34806
32386
44781
51078
117124
43085
3065
2567
2702
2660
407
79
147
54
61
75
78
36
118
1664
2635
1686
1416
1272
1210
1863
4485
6557
9746
11127
5651
4400
3142
4518
4332
3959
6570
7890
236
235
378
583
375
2386
658
302
101
300
118
1856
1049
1023
5905
3725
2980
3557
3005
3165
5604
6128
6682
846
787
2240
597
660
1330
2485
1369
2314
2066
1755
2184
1818
1728
3690
5928
1413
2066
1447
3297
3245
3684
4409
6181
1659
448
292
190
1949
710
463
487
530
771
841
528
477
599
570
802
508
693
724
1080
229
285
393
446
211
195
204
212
306
214
293
209
209
335
434
401
256
142
160
95
280
82
85
85
135
114
20748
392
1773
202
1433
3501
1658
677
885
584
1081
815
485
468
781
636
1364
1010
497
750
503
10262
11852
7223
9414
10295
10695
9765
9266
14663
14552
13981
898
1261
1520
1131
633
4399
1039
1060
543
4991
678
864
803
993
3440
1552
953
1459
3449
2572
3577
2887
3675
3366
7450
6455
1314
1055
1060
1537
709
2909
1191
835
849
646
1446
535
689
1389
1465
638
920
4531
3627
3384
9459
10382
1203
877
1069
473
460
624
269
557
637
1223
816
579
886
921
1282
786
1693
5916
3627
5190
12163
8544
6838
13210
12968
2071
296
619
1233
1319
1390
941
1261
1116
1286
1296
7689
451
3791
2906
9713
2897
896
2424
4002
2917
2488
32970
2769
188
101
131
172
63
238
79
88
124
116
134
224
181
2933
1919
2080
3226
4673
8244
1047
687
1011
876
1170
884
654
347
361
537
390
472
1331
226
203
182
211
225
472
275
22636
14404
11829
13015
4791
3897
4615
5013
3217
3448
13385
4475
4426
3213
5510
1932
2916
2298
3794
1933
2600
2379
2116
2253
1589
2148
1861
2636
2381
17277
16570
70325
13183
9532
11751
99039
12242
29527
36683
12449
24893
12914
12782
24106
21909
10519
11807
22979
16516
25648
12445
788
670
783
474
939
1609
787
539
229
319
893
728
1710
855
767
314
538
225
214
845
270
249
247
337
282
244
228
293
618
280
484
259
468
2068
1181
361
394
786
623
446
977
903
4602
5074
5969
3095
4005
3948
4412
4362
4105
78441
12918
6834
376
2038
1369
1602
1739
482
402
654
296
412
254
534
644
226
563
405
563
298
150
141
64
375
57
226
71
150
77
242
727
185
134
119
214
815
692
788
1260
2971
588
344
438
249
237
317
374
226
338
237
347
195
1012
1005
2474
2571
1677
2220
1448
1372
1569
949
729
1098
1739
1812
1649
1764
1911
3418
5798
2854
1753
2304
3174
3986
726
469
564
1187
737
654
417
236
205
570
201
152
164
261
925
178
356
234
517
2830
2305
329
1122
153
160
144
542
236
268
331
311
324
362
325
359
446
1145
501
411
705
978
775
531
709
570
738
613
626
638
622
780
473
946
900
4648
839
1076
3084
15331
2237
3126
3980
2232
2488
2148
1891
1871
5291
4123
3350
4304
7125
896
4224
1992
1150
875
1282
1301
1065
1183
1153
1245
2444
4646
3335
2106
2902
2036
2939
4202
191
315
310
126
168
11544
8061
17369
1469
1262
953
735
570
534
662
536
703
582
1138
902
677
883
855
1021
1025
1493
1961
1195
1345
1450
1566
1998
414
736
561
600
1023
789
835
562
655
448
574
519
572
668
11289
16645
14194
19321
5621
1849
3052
5887
3040
10673
2791
8862
2768
5575
13937
2832
5188
2759
8434
7015
681
377
7883
5358
600
921
1390
1987
2933
158
157
303
98
77
94
113
112
80
71
110
5762
3865
2287
956
439
942
620
1057
1046
835
219
341
191
220
241
274
456
1498
995
1017
1764
1525
1127
2043
1847
1615
2426
13527
2448
1901
1418
1395
1124
1711
1853
1900
670
1094
369
402
820
396
94
132
158
595
434
160
181
143
185
366
101
145
181
117
138
159
99
267
259
893
5702
3578
2096
1960
2254
2786
2485
4427
2685
5953
5291
7125
5606
3927
9985
9744
10063
8897
3760
6497
14078
7818
10431
13750
6228
13215
5727
11639
7957
15666
8118
19858
26724
983
1700
1557
2132
1304
993
1026
1705
1942
1277
835
749
1363
780
1016
1481
1062
1246
2106
6210
5935
9254
8281
891
670
924
1690
788
4416
3880
3916
2933
4009
1755
1547
1558
1810
1112
1237
1806
2251
2228
1868
2834
2069
3456
3582
2206
1636
442
826
2816
317
246
159
448
686
2851
613
1092
1435
785
1097
810
2747
1549
36903
17918
31213
25743
139908
1700
1600
323
332
326
271
302
341
214
368
2900
404
4030
8665
2610
2462
3139
2447
715
612
1599
385
711
1201
505
472
1300
774
1322
1042
1003
865
595
710
501
582
4450
16891
4293
1146
570
5235
978
3895
4210
1793
5103
2380
4815
7687
3609
4616
3998
4679
4257
4613
6115
4347
6361
3801
7285
4629
92678
7752
3809
919
2963
2387
1373
7869
3717
1870
8689
1743
2237
3779
1084
943
930
1244
1229
1379
771
561
2326
1073
1824
1024
1272
383
1068
3480
440
994
252
860
233
666
715
192
639
581
316
896
260
379
3109
678
676
1282
37247
17089
21298
26004
34975
543252
1242
1278
904
1574
1309
1579
939
674
616
682
1572
1861
336
282
204
286
189
596
394
252
372
293
1273
459
413
279
255
199
184
164
154
277
195
252
3102
1352
1269
843
574
524
446
402
734
370
526
536
615
540
518
407
750
546
863
723
1830
2344
1824
1313
650
494
522
378
217
162
206
163
323
177
1814
3280
1016
950
1315
1036
1458
1119
1975
1861
3397
1930
902
551
483
767
846
744
556
1358
1668
1042
2503
2270
4213
2961
509
442
642
2226
1317
2424
1200
1287
1774
5675
9212
318
498
714
568
649
574
543
1007
934
1886
1352
2774
2197
3905
1986
2589
2849
1291
1892
1287
1657
1694
1401
2133
2308
2172
2577
1910
1291
1153
261
158
620
2833
2077
982
486
243
375
140
300
2759
2603
2501
2399
912
545
351
365
231
2079
397
505
499
698
1011
1168
1727
2166
2896
2200
2543
3503
193
128
78
158
130
99
105
92
89
346
52
407
76
91
77
211
164
781
104
290
175
2894
300
647
345
417
2028
3585
2109
2262
1283
2636
1761
1853
2623
1983
2657
1904
2626
2471
3512
420
345
387
623
573
373
769
1081
1281
547
458
524
616
641
849
1040
656
821
1097
1092
1096
1219
1507
1910
3212
10548
3157
2178
2223
2584
2099
2942
521
674
1074
567
674
1199
674
1380
1467
1843
2711
518
457
917
854
438
296
489
900
1114
1863
571
1405
410
940
398
621
529
1137
716
567
1477
936
1469
84
133
215
147
134
105
201
75
156
107
118
963
189
232
355
395
257
243
238
675
494
541
542
1014
770
1138
561
722
852
1014
1606
997
1255
1649
408
851
356
348
257
435
2025
891
987
2447
1469
2242
4194
138
104
98
144
284
63
61
77
86
320
148
127
69
117
92
384
571
332
385
311
251
638
265
155
142
203
3454
441
342
333
607
350
329
698
578
3321
2524
18364
1542
1088
1598
1123
1680
2895
2849
19853
2599
15294
4276
3354
2673
2921
2768
6420
2759
2940
3761
6149
5363
6440
1097
929
739
2157
2028
839
4643
1965
2108
545
377
189
253
256
226
448
242
241
566
486
195
488
491
645
1887
31144
840
790
734
746
1463
1950
1094
874
7738
5763
6397
904
682
693
490
549
499
1491
2163
523
581
2476
3120
3045
5041
6732
7564
7832
14739
14085
198
214
173
176
520
356
843
86
175
56
115
161
521
358
3043
2877
1787
2261
2174
3173
2712
1756
2425
1566
1833
2225
2503
2084
3106
5468
4203
1688
866
17369
3830
643
508
194
335
121
275
653
480
1694
1389
3047
2005
2999
4195
1077
2406
891
997
1232
749
967
804
1183
1612
1319
951
2348
1316
1910
1067
1029
994
598
561
1261
922
652
457
358
719
630
10319
3041
3483
1431
2327
1575
3413
1949
2015
3056
2890
4622
10444
312
345
337
319
181
253
292
212
347
311
532
443
911
839
713
1294
1000
729
1652
361
313
170
257
236
608
22519
8082
4084
6879
468
539
883
46976
3374
7568
7450
218
52
53
90
228
73
66
131
123
217
4475
5553
18840
5791
4999
5415
8716
7482
9153
4689
3296
551
204
513
292
276
286
3748
327
535
792
445
445
3946
2746
2779
3048
67192
4311
3660
3261
8998
4108
2049
1556
1099
3859
2964
1580
5712
4849
1280
3795
2443
3993
4075
5397
6757
3320
553
1124
534
1068
542
571
792
1062
857
2870
1953
280
441
177
260
175
242
277
316
543
444
507
567
831
455
2678
695
499
572
692
459
851
294
1374
251
312
277
174
266
252
2580
1076
372
343
362
610
121
1395
719
230
407
422
1968
1069
712
1375
1011
3778
5680
3224
3684
5391
8081
12544
13487
11499
6677
7635
7523
11938
6291
7639
6741
6451
6532
12517
6233
6913
8298
7491
13848
18147
17679
9261
14446
10195
14480
7847
15594
10874
7926
13202
5965
468
198
116
237
83
173
221
417
450
197
5127
382
407
189
282
195
447
359
800
753
2446
2113
3690
2514
2972
7498
1007
1125
599
745
688
747
358
1533
510
571
591
647
905
1959
956
130
177
110
81
352
72
71
42
72
103
109
213
89
903
730
789
514
1812
1035
953
727
1896
154
36
273
39
52
37
151
40
180
54
371
438
690
568
841
714
666
1243
5190
887
459
432
357
472
1763
585
719
473
947
1078
869
761
761
1423
1601
988
443
413
285
722
566
481
1027
1015
766
497
1199
1484
1046
1897
340
217
174
307
133
193
136
228
116
198
372
529
322
353
582
324
843
561
440
755
2582
1410
3371
2153
468
1574
1983
1426
1759
1188
1432
1160
1207
2093
784
17767
1624
575
643
2352
597
742
748
400
824
364
301
1298
489
458
657
859
584
310
403
188
190
232
448
401
438
3490
4181
1372
852
659
900
2187
1631
1700
1424
1651
1313
951
796
1124
1370
1769
1453
1744
1627
1629
1204
1517
17083
917
894
1180
764
899
1140
1235
823
933
1305
954
972
1571
1041
1387
1594
1127
3058
1991
1885
2084
1994
4372
3278
254
237
265
239
499
3339
2430
5426
2268
1860
2412
3949
3364
942
1376
1046
1655
576
1078
1147
2480
3324
2034
1685
10303
1722
1620
2350
2336
2079
2051
1560
1132
1066
2563
2184
2729
2160
14807
8643
6606
6048
8724
5970
4145
3687
3665
4406
4100
5336
5615
5048
6241
6785
5091
10586
7559
13267
15498
20176
1321
1156
1712
1455
1637
2538
810
585
761
2786
1287
1007
10838
3669
6926
782
591
533
390
1137
958
680
560
599
1133
1770
758
1661
913
816
444
834
393
575
930
726
1113
2825
2038
1424
1056
1346
1486
1514
1983
1644
2938
2033
936
6190
2648
720
1267
14592
664
4423
1311
