-9
59
16
-12
44
12
-23
88
-9
24
-7
-3
-11
-5
-5
12
-6
-10
-17
38
-5
-7
-11
37
-1
0
-13
9
-1
-5
-14
-20
84
5
-9
1
-13
-19
147
-5
-7
0
30
-18
-8
-6
-5
-12
118
-16
-19
158
35
5
-2
-7
44
-6
143
-27
-6
-22
-4
10
102
14
195
-14
3
-21
10
-2
-26
38
-11
-10
-11
-6
4
-17
-3
-4
-20
-21
23
-30
-10
-19
42
270
-13
38
-2
-17
-4
4
-1
-17
-2
-9
78
-12
-17
-19
-20
-11
-4
-3
-26
5
48
-13
19
13
-4
-21
220
63
5
1
-16
4
-4
21
128
-12
-25
-17
81
-6
39
8
23
-43
-8
6
-10
33
-17
1
-16
-8
7
6
-18
28
2
-11
60
-1
5
6
-10
-24
-25
-1
35
-39
-17
5
9
11
-31
0
9
-21
-33
-7
50
-5
-53
-16
13
31
-5
-32
-23
308
-6
117
-2
-26
-24
-14
87
10
37
-2
-1
-2
-15
7
-15
14
-17
8
3
17
-4
-18
-8
8
24
2
16
-4
-12
0
-4
18
9
174
14
-26
-17
16
-3
76
-13
-11
1
4
23
-5
-13
8
61
-3
-18
16
-18
-6
3
-6
-1
-8
5
-9
-9
9
95
12
-23
61
-12
0
14
-13
-2
-12
39
-26
0
-7
-6
-1
0
-4
-11
2
6
-20
-20
5
17
5
78
62
8
20
5
-1
-38
77
-14
9
-21
8
-11
56
-7
-18
-16
-11
-4
20
-10
6
-29
6
-17
-26
133
-15
6
-56
10
1
26
42
13
1
75
8
-16
-13
23
-18
-56
185
20
31
-1
-19
0
6
14
49
10
-14
-12
-3
9
0
27
17
-4
-9
-1
-17
-5
1
108
-27
64
-26
-12
6
8
6
19
12
-30
-11
15
-15
14
56
15
15
-56
-8
-3
23
13
-4
-12
-9
-12
-17
7
-13
15
6
-18
-17
-1
-15
-14
12
-8
-31
-15
-13
-1
-5
1
9
-36
13
34
-8
-16
-8
54
37
-18
24
-22
16
10
-2
-20
27
-8
-11
-2
10
-7
-19
-14
-37
47
-15
7
14
-9
-1
6
-9
-11
-13
50
-1
-1
-3
-33
23
2
-6
-17
5
2
-8
111
-12
1
-23
-41
-7
21
-11
-14
-3
-5
40
11
6
-9
2
-1
0
-16
15
-32
11
43
-14
-24
-3
-10
-9
3
2
-14
8
-4
-22
11
62
-3
-11
19
-6
49
25
4
-52
-10
15
-11
8
-1
21
2
26
0
1
-12
-15
-6
-7
4
-14
-6
-4
-4
-3
0
7
71
1
0
-6
2
4
22
14
0
21
-23
-2
-9
-7
2
-6
-32
-6
31
-6
-26
11
12
23
-42
-36
-23
-22
58
6
12
1
-18
-28
-2
-18
-30
4
-9
10
-22
-20
-3
-20
-2
-17
2
25
4
93
86
-15
2
-24
7
7
-15
-34
-14
112
-17
-19
14
0
-1
43
8
-9
-1
20
88
-1
6
49
-12
131
7
-18
15
4
-12
-8
-23
-7
53
-23
7
-13
97
14
49
-21
-13
-12
17
-26
-5
54
50
-4
6
0
-5
-36
-2
77
-18
-5
-12
-34
-23
-29
-24
-9
-16
9
10
-14
-16
-12
18
10
-4
15
-13
-12
-26
-8
13
-10
-12
-4
-4
-36
34
-55
-3
-18
2
56
-1
-19
-27
-25
87
40
-14
25
-2
6
87
-15
-5
60
-6
-26
-21
15
-3
67
-24
-9
-16
-13
-12
-25
18
36
86
-18
3
3
-14
-20
-18
-9
8
-17
26
-15
-22
8
-20
-13
-8
-20
-10
-3
-12
-20
117
-1
-4
1
-17
-29
1
2
-15
-10
-16
-7
-20
5
-4
7
-12
-15
11
-17
0
-12
-3
16
12
-8
-4
-14
101
-18
-12
15
-28
-7
-10
-21
35
41
-5
-4
-6
7
75
53
-14
-16
130
-9
2
1
6
-6
-15
-14
1
13
-43
-10
-22
2
-12
200
2
-15
-13
59
-13
12
-11
17
12
-43
1
-11
-17
-13
3
83
-20
47
5
-20
62
-6
-14
78
-23
44
9
-20
8
26
31
-14
-2
-6
-5
-9
-11
-36
-27
-3
-1
5
111
-14
0
-7
93
-37
-22
-52
-15
-5
-15
-2
-4
-22
59
23
-35
23
-19
-11
-9
-10
-23
0
-6
21
-12
6
-21
-3
-7
10
-15
53
9
-21
44
-14
-1
10
-14
-3
47
-6
-30
1
-8
-8
-16
0
0
94
-5
67
-16
-35
12
-23
8
10
32
10
32
4
-16
-7
-31
-23
26
0
-9
-19
2
5
1
24
-33
2
179
-26
-23
3
-15
11
-3
14
1
-9
24
-6
-13
10
5
-10
-1
-15
5
-6
28
2
65
146
-20
-13
7
5
-14
92
-13
-10
-29
26
22
-12
13
-1
-28
4
-11
-6
-1
4
-7
20
138
5
-22
2
27
-21
10
-16
-3
10
14
-8
12
12
-15
-24
16
-6
-25
47
-8
-7
2
5
-3
-9
1
-24
-20
6
-1
-24
5
-17
-17
5
2
-16
48
75
113
-14
-1
-8
-6
41
46
-20
35
48
3
-24
2
-1
-12
-3
21
-9
20
-5
37
0
9
70
1
5
-18
-13
-14
-18
-26
-38
-17
-23
6
-41
1
12
33
24
3
2
-8
6
-7
31
39
68
-11
11
-3
4
-20
-9
-5
-8
-4
-47
14
-23
-14
29
-10
-16
-14
25
1
-31
35
-22
-12
3
-20
-9
29
0
-22
10
-5
12
25
172
-27
4
33
-8
0
13
36
6
208
17
3
-34
-13
-40
-4
-6
-18
-14
21
-28
-4
-11
-27
-12
2
0
6
139
-20
9
-4
-10
13
-8
34
16
-6
-33
12
-24
8
-6
72
-20
-16
-7
29
-12
-36
-2
-4
-14
-25
0
14
16
6
7
-1
-9
-5
-4
0
5
102
14
-15
2
-16
11
-16
-9
-38
2
-53
120
8
-14
-2
-12
-13
-9
-1
77
-3
-13
-3
-11
-7
29
-24
72
-19
50
-28
-13
-8
-29
-27
-4
-6
16
-10
61
105
-11
-14
-23
-16
3
-24
35
-1
-18
-39
-7
1
-7
88
14
-19
-5
5
50
-7
68
-9
1
1
14
-18
-40
30
-9
0
3
-3
-10
41
7
11
6
-3
1
15
-19
11
-8
7
67
6
-14
-1
-24
-24
-11
-5
-21
9
-8
-2
3
0
74
100
14
-8
-11
-18
10
-5
-21
3
-5
-9
-7
-3
-23
1
9
6
-2
9
-20
1
8
-14
11
-20
-19
1
-55
-19
14
-16
-2
-14
-20
-14
-12
32
-17
5
19
-25
34
-21
4
-18
17
-8
-1
6
-9
71
-15
-4
-29
-10
-34
-2
-28
3
356
-18
161
-13
-11
12
0
-5
2
-25
3
-13
15
-39
-33
-26
-5
-17
-14
-6
12
-9
-6
-15
-3
7
-32
40
15
127
-5
-21
2
-16
-5
-18
75
75
-7
3
-21
-1
59
4
-17
9
73
-26
9
-11
6
-3
42
-2
42
185
-9
11
-15
-26
14
-5
-34
8
-9
-13
-13
-3
-1
-20
23
2
-11
12
6
24
-2
-10
-15
-17
0
3
28
-16
26
-7
-8
82
-24
-16
-20
13
-14
-1
3
-9
-15
-26
-14
-10
29
0
-13
-6
183
-5
-13
-15
8
-8
4
-5
9
-15
-27
-9
-3
4
47
1
-2
-13
-7
2
-23
14
91
1
-19
-27
-9
-27
3
66
-3
-4
-5
-4
64
-8
2
-7
-6
-23
-24
34
-5
-2
9
-15
10
23
-7
2
-17
107
46
-37
12
0
-22
11
-6
15
-10
-2
111
-19
40
-9
-13
22
-9
16
-5
-8
-17
140
2
-13
-16
-15
-41
-9
-17
-19
12
-22
-18
-9
-1
24
6
-15
9
161
16
-30
30
-32
1
33
-5
20
5
-17
5
-16
-22
-4
-12
7
16
0
22
39
-4
-5
-68
78
-20
-11
5
-32
-3
-17
-13
15
-30
-23
-20
-17
-10
-2
-7
274
-22
8
9
5
-25
1
-20
-7
-17
-3
2
-30
-13
6
1
-10
-13
24
8
-4
1
-25
-1
-7
-4
-8
-19
-7
2
2
9
52
-3
-10
13
17
-12
-35
3
75
-22
2
33
-19
27
-10
-20
-16
-1
6
46
17
14
-6
-3
-5
-19
11
114
8
-5
-7
-36
-15
-13
-15
-18
-14
11
-15
-38
-18
37
-10
9
-11
13
15
99
5
15
-34
-2
18
-11
-15
2
36
-1
-6
36
-3
-10
16
-3
-5
5
9
17
-6
-17
15
-3
9
17
-17
8
10
-15
-19
-20
0
9
-30
187
-17
-8
0
-4
-2
-30
-5
-16
-10
-15
-5
-1
-2
-15
13
-16
-8
-13
-10
24
77
6
3
-23
14
-19
-20
7
0
35
45
19
-23
6
-20
-5
-9
13
15
3
263
-14
47
-11
-4
-6
4
-17
1
-14
-21
4
-21
45
15
-25
31
4
-8
3
6
6
-17
5
-4
1
-6
-20
-19
-28
-17
-31
3
-4
-28
-31
-20
-4
-2
13
-11
-8
-14
20
3
-28
5
-6
11
-15
-16
9
-13
-8
2
42
8
-28
13
18
2
-3
-13
-4
6
33
-45
-17
-5
-32
59
-29
-19
-11
7
9
-1
-12
-9
-5
2
20
27
32
27
-6
-37
-23
-21
-8
-16
-5
-19
29
34
-12
-14
-14
-19
-21
-5
-1
104
-6
-2
-12
6
-7
5
-5
5
-8
-2
-4
-27
177
12
-24
-7
1
12
73
-24
12
-12
40
-12
-28
-15
-23
53
163
12
-3
-11
2
0
0
57
-13
5
12
15
-2
3
-11
-19
123
-36
-17
-17
6
-23
23
-9
-22
-12
-27
-1
21
-3
-10
-14
20
-19
-27
26
124
3
-16
-37
20
6
17
224
-5
25
-35
3
39
8
-4
-28
37
21
29
-12
7
-15
-16
13
-8
-14
2
0
-5
14
-2
15
3
-4
-18
81
-70
2
-47
11
-4
-28
0
6
37
-18
-17
-8
-21
13
-9
-19
-22
-6
0
-14
69
97
-26
-13
-21
40
4
-6
-29
2
-10
-15
-1
-8
-23
-4
11
-3
-10
7
-18
4
14
31
-7
68
-13
-18
1
-8
40
18
179
20
60
92
-24
-10
-6
148
-35
-4
-10
-13
6
67
-14
-2
92
-10
-16
-16
-19
-17
49
-28
-7
-18
-11
-33
1
-26
-21
-18
64
-5
57
-6
-7
-22
15
-10
-15
1
-1
2
-11
-35
84
-10
241
-5
1
-24
-28
10
-17
-10
12
0
-6
-6
50
-11
-20
-4
-23
-23
-22
-38
-15
118
-8
-21
-4
152
94
2
-9
1
8
-29
23
-7
54
-6
-9
87
1
-6
-1
-10
-19
66
-12
-22
-21
-22
-22
-17
3
-30
-6
-11
-17
62
-28
-12
-41
38
5
4
-5
-44
89
-21
-13
-32
-17
2
3
6
4
88
18
28
-16
-8
1
1
84
-29
87
-7
-17
-3
5
-13
31
-6
21
21
14
-12
9
-8
11
-13
7
-10
-10
-17
5
12
12
41
-11
-15
-21
8
7
-28
-27
25
-9
22
-5
2
32
30
-10
-7
19
8
-7
-16
21
-6
-14
-4
-35
15
-14
-7
14
-6
-3
1
-23
-5
2
28
-20
-3
-1
-24
-28
-9
25
6
27
1
3
-13
-38
-20
12
-7
2
-11
8
13
-3
-3
-6
-5
-3
83
-16
-22
-31
-10
13
-12
-5
5
-6
-12
5
-12
13
-8
-5
-1
-20
12
153
109
-25
0
0
6
102
-20
14
-42
-15
6
-8
-13
-14
3
-23
27
186
26
-3
-15
-6
29
39
-4
-19
24
-32
-26
3
-1
12
-31
-52
6
-14
17
0
0
-16
7
3
48
3
7
-20
-10
-9
-18
17
11
155
40
-4
6
145
4
-17
13
-1
-25
-9
10
10
5
-18
-14
-22
-12
-12
-29
-6
-2
17
-12
10
-44
-14
-11
-3
-22
-9
40
0
0
30
30
-12
13
84
-17
1
-17
63
-13
-11
-10
-3
14
-7
-34
-19
-7
15
4
3
-5
5
-12
32
3
-55
-6
-19
-1
-30
-28
29
13
-25
-13
25
-12
24
-28
-19
80
-13
87
46
0
62
-20
59
-2
-7
5
-7
-12
-3
-16
16
-6
-4
-16
-22
-15
23
-15
10
153
5
18
-6
-19
465
-4
-10
20
-1
10
-9
69
-14
-31
-11
-25
-5
-9
0
3
-11
-15
-5
-10
-8
7
-8
4
-4
1
-11
-13
-13
18
13
-18
-5
53
-22
-14
-1
-10
47
-23
27
74
7
-3
-31
-10
-22
58
4
-9
0
9
14
125
-46
-17
-3
26
7
6
80
0
-4
-14
174
-20
1
-11
-8
-9
0
-10
0
40
32
116
24
-13
-5
-15
-3
-7
45
-12
-16
-22
88
30
-15
10
-16
-2
-20
49
-8
-1
77
-15
52
3
-10
-2
-8
2
-16
25
-11
19
-6
0
11
-1
44
30
-10
-27
-18
-2
23
-1
-15
-29
-1
-8
125
2
38
-9
75
3
39
-12
2
0
1
-10
-38
-8
-3
7
2
82
-19
131
-6
-4
-25
-28
-29
-12
-7
-19
-2
-18
-16
29
12
-26
25
-18
81
-15
-1
-3
-41
74
-15
15
-18
31
69
-7
-15
21
-33
-8
48
-6
-34
8
-15
-14
-21
-6
-1
11
0
-22
-23
-19
162
104
-9
-3
33
-10
31
-9
6
7
-12
42
-18
4
-22
-12
-1
-6
42
-4
-4
-10
-31
-15
-18
73
34
-25
-15
-22
-18
9
-17
-3
109
-9
-9
3
-1
-6
-8
-33
21
4
22
24
16
23
-3
74
10
28
1
-20
-5
-14
-5
59
-1
-18
-10
-2
-24
-10
-10
1
-25
-18
-16
-30
0
-10
8
15
19
-5
-5
20
-24
0
-24
-3
0
8
9
-9
-2
6
-12
-17
19
-56
-34
61
-5
-13
-19
-23
-20
12
15
5
-7
-9
72
-11
17
4
31
11
17
-7
7
-17
-21
-17
3
8
55
-17
39
-16
-26
-13
-14
8
8
10
-17
-19
-18
-27
-5
8
58
-14
227
-2
47
102
0
-15
-10
-34
-22
-12
-22
-12
-1
-20
-4
79
-7
-21
68
-23
15
-6
22
61
6
-13
30
0
9
-2
-9
39
-10
-25
6
103
-49
0
-8
-10
61
16
28
-6
59
-22
19
14
17
-21
-10
22
-19
-21
-9
-15
-1
-17
-11
-16
-5
-6
17
-3
-19
-18
-12
27
2
12
-17
-24
48
-5
169
-3
24
-7
-14
-18
48
-22
-19
11
20
18
8
-20
-5
-7
-5
18
-13
32
-18
9
-9
-41
-17
-18
-21
2
-18
21
-7
13
-3
-25
-16
-1
-6
4
5
-12
5
34
-8
-17
-23
0
-14
6
15
82
16
4
5
-5
-8
-27
9
44
-22
12
-26
-13
-19
-17
4
-7
3
-10
8
6
-6
-1
4
4
-12
-9
72
57
-12
2
-8
-12
8
-46
-6
26
2
-3
-24
-19
29
18
-16
0
51
-10
15
-2
11
38
-11
-1
-2
-16
-16
6
44
-11
-8
30
-25
10
-1
122
5
-24
-9
43
141
3
23
2
22
-25
-11
14
-4
73
-12
14
-5
11
-12
11
8
-6
-2
-13
-17
-1
41
161
-10
-8
-28
-25
-10
6
-12
-20
29
-7
3
3
-3
5
-22
-9
-28
15
-27
-22
-9
16
-12
3
300
-11
-9
0
0
13
137
55
-24
-13
9
3
3
-18
10
6
41
0
0
-2
-1
4
37
5
9
20
10
-15
69
-5
42
107
240
-27
-14
-15
6
16
-7
299
-15
25
-31
-5
82
-14
9
-12
2
-20
-1
-30
-19
-2
29
-17
-17
2
84
7
-12
1
11
3
21
18
-16
-9
31
-23
19
-6
-4
13
-12
60
-6
-12
13
-4
-17
-21
-9
44
-7
14
-4
-33
-27
1
1
12
-3
2
-17
-20
22
-9
2
9
-2
-12
-16
77
-8
18
32
-12
-23
-10
-2
11
-10
-18
-10
-8
-6
101
-11
-8
-22
41
-9
4
-5
8
7
24
89
91
144
17
-5
-5
-3
18
20
11
15
-14
10
-7
1
-10
-18
-20
-20
18
-16
-15
-10
37
43
-11
17
8
-13
0
7
-11
21
-27
-18
-28
-18
50
-16
-9
18
-16
27
52
-12
18
-15
-4
7
35
-8
2
-12
2
-6
-1
-22
-14
-23
-8
-12
-7
66
-9
-10
29
-17
30
11
-13
-12
7
-12
-15
-11
-15
-42
-3
-17
-28
-29
7
-25
-17
-5
34
-42
-9
-2
-30
11
43
24
12
31
33
-20
105
-3
-16
97
-1
-7
5
-33
24
12
-9
55
-1
-5
-51
-12
-20
1
-10
-12
7
12
-25
-10
7
22
-23
-2
-20
-7
-16
12
-9
-17
-5
214
-15
-16
-14
-47
-14
-23
21
-26
-8
-1
6
4
19
-12
22
-3
15
9
-13
-23
-10
-22
-17
-6
-10
-7
-20
46
-8
-2
-17
-25
-35
8
1
39
3
-24
-5
-24
-8
-13
10
-12
27
-6
18
-8
16
-5
18
5
56
-7
11
-20
47
9
-1
1
-26
13
-8
-13
15
-10
-27
25
150
27
-2
-14
7
46
-9
-4
45
1
117
-23
-3
-20
-24
26
-17
-18
-19
228
181
39
-29
-14
0
6
-25
3
2
-20
81
-4
-4
-9
-11
-5
25
11
-31
1
-23
-16
1
-23
-4
-4
12
38
-27
2
-7
3
7
-2
4
21
-13
-13
-7
-12
-24
4
39
-6
30
-8
-5
5
2
100
-4
-21
16
7
-32
15
0
-9
-14
0
-22
-8
-19
-5
-2
13
-22
8
32
-19
-25
0
31
-41
41
6
-25
-8
8
-17
-3
0
26
-19
9
76
59
-17
-5
18
-11
76
113
-37
-13
6
-27
32
69
75
-6
-9
0
-5
-16
12
-30
-19
3
-13
-6
-10
-14
-6
5
-7
-27
12
-17
-11
8
-32
-13
-19
-20
-14
37
17
9
-28
10
280
9
-16
-14
78
-11
-9
8
-10
33
-11
169
4
-8
-11
6
-25
6
11
-2
-16
22
-27
-30
3
17
-11
73
64
15
53
1
-21
-22
-8
-24
-12
-13
78
-6
-15
-7
-43
-8
-20
-8
-4
-4
-22
-16
2
117
7
-4
25
-21
9
-15
6
18
9
-9
74
6
-26
-21
8
-11
-5
-14
-17
-12
-25
4
-3
5
-24
-9
15
1
-35
34
-28
-10
-19
7
9
32
-14
-14
61
-17
-13
12
-13
-30
7
-4
9
-10
-32
8
93
-13
-10
-4
-10
30
-20
14
-15
9
-11
2
-2
31
-13
-4
4
84
-1
252
-11
-14
2
-14
7
-29
-24
-8
30
16
275
-11
-9
-14
30
-2
-3
-17
10
12
0
-13
-3
-11
-15
152
-13
-1
-8
-15
-18
-4
4
-11
12
1
6
-17
8
19
24
-19
-8
18
-3
58
13
18
-20
-25
154
10
-14
124
28
8
18
-21
2
10
27
-28
7
-23
14
113
-16
-19
21
-28
286
30
18
89
-18
-14
-22
37
5
-5
-29
-13
-5
-11
-15
-4
-3
-9
6
-7
22
16
-5
27
7
10
71
-12
23
-10
-16
19
-5
-19
-31
-15
-20
-25
-14
-2
-5
3
20
-2
-20
26
-3
-15
-8
-33
22
15
-10
2
18
-11
382
17
-4
16
-7
8
74
-5
-15
4
38
5
2
-14
2
-25
-20
10
5
-10
-26
-14
11
-4
-13
-6
6
19
19
-22
-20
-4
6
-13
0
-14
-20
7
-1
-9
-6
4
15
-13
16
-13
5
7
-39
-1
24
-16
4
-52
-4
-14
-14
-22
5
-14
-16
-10
5
-21
170
-20
39
-19
14
-11
-12
6
-24
-26
167
-9
-8
109
-15
5
-12
76
10
7
-16
-8
-13
10
8
50
8
5
142
-24
2
-2
4
-11
-51
9
-13
-10
-10
-11
-5
58
14
-8
-9
8
-20
3
24
20
6
5
-20
13
101
6
52
49
-14
-5
56
-20
-7
-28
7
-23
12
3
-15
-10
-35
-7
9
-20
15
1
21
-39
-7
-2
133
-29
-10
-11
-14
14
-10
-1
-9
-18
-4
39
10
48
8
-6
-16
-9
173
23
-14
-8
-13
-6
174
78
5
-14
-8
2
-8
-29
0
69
17
0
-2
-7
12
-12
-13
-15
-7
-15
-1
18
-17
130
11
-6
77
-1
-17
-11
40
19
-12
30
48
9
-23
-32
-23
-13
-31
-4
5
33
2
-19
-11
-13
10
40
-4
42
7
-15
97
5
-4
2
-7
-33
-10
-4
-29
24
8
-16
-8
-23
25
28
5
48
-1
107
1
2
102
-12
129
0
1
-12
3
-3
-5
-6
-8
31
-2
0
-5
-9
33
-12
-12
13
0
3
26
-10
-12
-16
2
13
0
-11
-27
31
-18
-5
-37
15
106
-32
-6
-13
6
9
6
-14
-17
5
6
7
-37
-13
3
-18
-22
69
-14
-9
-9
-5
3
16
8
-8
-23
-1
-9
26
3
-6
30
42
125
-11
4
-14
-17
80
-20
-8
-15
-19
-20
3
15
-16
-6
36
11
-6
8
-14
-24
-3
-5
38
-4
7
1
3
0
-19
20
23
-18
-6
-5
-5
-23
38
-10
10
135
-22
-10
-5
-17
-17
-19
-1
-2
-25
-5
-8
5
166
10
-15
-6
14
9
-6
3
8
21
-12
3
4
0
-19
8
-11
-34
-18
-13
6
0
-8
1
-7
-15
5
9
-17
-9
-11
-17
-5
19
6
5
-24
60
10
37
7
-2
-8
-8
2
18
79
-21
-21
6
-29
-2
-13
-10
-7
-10
-1
-46
-12
-17
16
-28
55
-6
2
-12
-7
23
20
-34
-1
-19
-19
-10
-8
-7
-28
2
-17
-8
188
1
24
-4
31
2
-12
6
-8
2
-13
-13
11
-21
3
4
27
-15
17
48
-18
-8
-14
-5
4
55
26
-5
-11
-10
-4
-11
-22
41
-14
-23
140
-20
-10
-34
176
-6
0
-7
-28
13
28
2
-9
21
-25
-26
11
-52
5
8
-4
-8
-17
-29
-14
6
2
83
-9
44
-7
-35
11
30
10
-14
3
5
-3
-3
17
-36
-22
49
9
-11
-42
7
-28
30
-9
-4
16
-27
16
46
44
4
-10
18
-10
-7
-13
8
-7
-13
6
138
34
-13
-10
53
7
-13
-5
5
-21
58
21
-14
-24
-8
16
9
91
212
-15
1
-11
-4
-8
1
-10
10
-27
-9
-9
60
93
47
-10
0
116
-2
7
-2
2
-3
0
-7
9
293
-17
-10
2
-31
3
-17
-11
-12
11
-17
-6
-9
11
19
-11
-11
12
8
35
-7
-3
1
-4
-9
-6
2
-19
-11
10
1
26
-11
-14
4
-28
-12
-14
7
19
-2
-1
-8
-11
-17
1
-18
-16
1
-6
-16
73
-1
-8
18
3
-4
-51
5
19
-16
2
-3
17
-1
38
-1
10
-1
4
-2
-22
52
-3
-14
-2
8
-23
10
-12
-9
-2
-21
-26
-21
35
-15
-7
-17
-11
-23
-12
31
4
-12
0
-25
12
9
7
-11
-8
19
-14
18
5
-34
4
11
4
11
-23
224
0
-25
22
-26
-16
-33
253
13
-4
-26
20
-13
-3
-15
-2
-15
-14
-21
3
-14
-1
-11
37
25
5
-3
58
-1
72
21
-19
74
14
0
-20
-3
-26
-34
-24
-20
31
97
-3
7
-29
2
-10
35
-14
-10
21
22
3
28
73
46
16
-14
2
1
51
52
11
-3
17
55
-18
10
-21
162
-4
-20
12
-4
-29
-10
-26
-13
-7
-4
-13
-17
0
-12
-25
-4
-43
18
-6
-33
-10
-21
-19
-18
-1
-1
13
-21
13
13
-3
-14
56
6
-26
-18
-7
-20
2
-54
-6
0
13
20
24
14
16
-6
-42
-28
-18
-2
2
-5
-6
14
-7
-24
-7
-9
-1
7
-9
7
61
-22
3
-23
2
59
-1
87
-27
-12
-15
11
-22
1
1
28
14
118
-5
-4
-21
25
10
12
-5
63
-4
-12
18
-1
-33
2
-4
2
-1
34
-12
2
-1
-22
-23
-2
1
-26
-23
90
15
1
23
-12
93
-35
73
-10
-14
-22
50
36
-28
16
-14
15
-11
-12
-10
-10
-12
217
-7
13
43
-9
-5
-31
-10
-49
6
-19
9
1
10
8
-14
-15
-26
-21
166
-21
-13
3
-4
92
12
-8
60
0
-6
1
-25
6
1
35
5
2
1
1
-21
-13
10
-6
-9
-10
180
-4
33
48
5
-1
-37
-6
-8
28
8
18
-23
-12
88
-24
18
-18
-14
0
15
-10
9
1
53
-6
1
-8
-12
1
-19
-3
-26
-29
-22
-1
-26
14
12
13
-15
-6
-33
-18
8
15
0
104
11
9
-21
11
76
27
-3
24
-19
5
-8
-18
-20
-7
-12
-9
-13
-12
-4
4
0
21
-13
11
15
29
-7
0
18
-10
-8
9
1
-9
8
16
-26
16
0
-8
85
27
-14
-2
-7
-17
97
-16
-4
83
-30
20
-26
-18
15
13
-25
-9
-14
6
7
-17
-11
-21
-19
-9
5
-16
-13
-36
-13
74
48
-21
17
-11
-15
-7
9
166
16
-18
-14
30
-1
-15
-25
15
-13
114
-13
9
-20
24
-24
2
-22
-22
-16
20
-15
-14
-20
4
-28
12
-8
5
35
-5
-14
-11
-60
8
-10
2
-15
-8
5
9
-11
-16
-6
10
0
-25
-11
41
-11
-27
-3
-3
-9
103
100
82
-17
-15
50
-12
0
7
-21
-15
18
68
13
-16
19
20
120
-12
6
24
-8
20
-6
0
-11
11
59
25
19
10
15
-3
1
-12
-10
-4
-6
-21
64
-8
-23
7
2
4
-15
39
363
-13
-7
-13
-6
-2
-5
-9
39
28
4
-16
5
-16
-3
50
6
11
-14
51
-13
-11
-9
31
211
-2
-27
-22
11
2
-8
-18
-25
16
-5
-26
78
-16
-14
-26
-16
46
18
-26
-14
-16
12
-10
-13
-37
-7
-5
-4
142
21
91
3
-25
8
3
-27
0
50
8
9
7
-15
23
88
4
14
-16
-11
-23
6
-16
-12
-14
-25
-15
15
-21
-16
3
26
45
-10
-34
-16
-10
16
1
-2
-24
30
-15
-12
-3
60
-20
9
-33
-7
4
-15
-5
1
-7
-11
-25
2
8
-21
-14
2
-21
-11
-8
-14
-11
20
62
3
13
12
7
17
-1
-7
-12
-34
-4
-4
0
3
-10
-46
10
30
-11
-11
50
-11
27
-16
-13
14
-20
-17
-2
-4
-23
33
-4
-7
5
4
11
7
19
0
-7
0
30
-4
41
-1
108
-2
7
2
-16
-11
6
24
3
-9
-4
102
32
8
-41
6
-16
-7
8
-36
-12
-20
3
4
-4
2
-25
5
-17
-25
-19
11
11
-13
1
20
-12
10
113
-6
-13
-15
10
-2
-9
51
-22
-2
5
9
4
12
-43
5
-17
2
1
9
-45
3
-28
-17
-13
-30
-36
8
4
25
-9
-5
4
-20
26
-39
-31
-7
-2
-10
31
-4
-23
2
-12
11
-47
-3
-18
-34
7
193
28
26
8
-12
24
-6
1
-9
-13
-31
-2
-22
-8
-17
-9
-7
-5
-39
26
-9
-27
-14
-9
29
-17
20
-49
-14
18
-20
17
-16
-25
-9
-2
19
-1
123
4
23
-5
4
41
-2
-17
-10
-2
-19
-18
76
23
-4
13
-28
11
5
-9
-43
28
95
-11
-5
-20
-13
5
40
98
83
61
19
-2
-25
-2
-1
-16
44
178
-21
-17
11
23
1
-23
-20
-35
-22
12
14
68
21
-3
-14
161
-13
42
-10
6
-11
3
1
10
-5
-32
-10
4
56
3
-6
-17
5
82
-1
38
116
19
78
22
16
-14
16
-7
-5
142
-3
0
5
-21
-4
-11
-23
-14
-21
2
-14
10
-6
-14
-7
1
11
18
-11
5
-8
-13
3
-8
-22
32
141
19
-1
-10
-3
0
-9
-1
-10
22
-11
-16
-11
-6
-52
-1
26
-2
-14
-12
45
71
-15
-9
1
-17
6
-24
30
-7
25
5
46
2
-7
-11
-13
49
30
2
-41
93
-16
-18
-13
82
32
-33
8
-18
-26
-9
-1
7
-18
5
-9
62
21
54
3
-16
-23
-19
63
-15
-1
-32
-16
3
-12
-8
88
13
107
14
-17
167
-3
-29
-17
-18
24
-12
135
-30
-20
22
-2
113
-2
-14
0
-29
1
-26
-2
-21
17
-23
36
-27
224
1
-5
-11
8
-13
8
25
28
-12
5
-4
4
-20
80
18
-19
143
2
-13
-10
-5
15
-15
-11
32
39
7
61
15
82
-18
49
-8
55
-12
-3
-2
6
3
21
4
17
102
8
-15
94
15
-27
41
3
-30
26
-14
-1
-12
1
-3
-4
-12
0
19
-2
-16
3
4
17
-28
-13
10
-17
-35
7
-7
11
1
-6
-21
-6
-19
40
-10
8
-8
-10
-5
0
-4
-26
24
-16
-8
0
-31
-10
6
-15
21
-20
-2
-4
-17
57
-2
-2
-1
7
-7
1
-12
-7
-40
-5
-10
-42
42
76
121
-28
-8
19
-6
72
-10
-1
14
13
179
-29
-41
18
5
5
-11
-8
-9
-13
-16
-20
61
-27
-13
-20
26
13
-6
-3
-19
-39
163
-25
102
-15
-10
-2
0
10
-21
-15
79
42
-9
-17
35
119
-6
-5
-6
-6
6
26
2
-27
93
45
-8
39
41
-26
-2
26
4
-8
-32
-6
16
-16
43
10
-12
72
-23
-9
-4
117
87
4
19
38
-3
-20
3
-11
53
4
-7
-12
-12
-17
-13
-15
-26
-6
-16
19
19
0
12
-8
34
-9
36
-35
26
-29
-24
-14
-6
3
-4
-21
-21
-2
29
-16
-14
21
6
-9
-2
-10
-20
-36
-16
0
165
-8
6
-5
111
-7
1
2
-7
11
2
59
-13
-12
-12
-19
-16
-12
-13
-7
10
-9
2
9
11
-16
14
-4
58
-13
-16
-28
-22
10
-31
1
114
21
2
97
4
-14
3
17
-19
22
5
-19
-3
-14
149
-10
-3
-18
14
-10
-19
40
89
-21
114
-10
11
-30
-10
0
-3
3
-5
3
47
-26
-19
16
-12
-17
-13
-3
-22
-5
-10
-4
-5
-13
2
0
-16
-8
-16
-7
-11
7
-11
-13
20
24
5
-26
8
-12
56
33
0
-19
0
170
-6
-5
4
-5
24
-1
-19
30
25
-7
-10
-11
-16
-42
-14
28
86
64
-14
22
-10
4
-7
52
-5
-4
5
-9
-9
-2
37
-22
-9
45
-7
-17
-12
24
-3
-31
9
-34
-18
14
-11
-18
-25
-7
1
-9
73
-1
-3
32
4
42
8
-10
2
8
1
4
-10
-5
63
-20
-15
-32
-22
-9
-19
39
-14
8
-16
-1
-7
-8
2
-3
-18
4
-9
-12
-25
-13
-17
-1
-16
-13
-8
10
10
37
10
-18
141
-18
-24
-5
26
-11
-30
-6
-15
-20
-22
38
-17
-10
23
13
2
-16
109
11
-20
-11
-31
77
-9
-47
8
9
-21
21
-1
-2
-15
4
50
-15
16
-21
21
9
-8
-12
-20
11
-11
1
-16
-1
-1
-13
-24
-10
-19
-14
17
-19
14
-14
-11
-12
136
95
6
-16
-19
7
-24
32
-6
-5
-4
5
-10
-4
-7
7
-16
-26
23
19
-17
-10
11
3
-33
-12
3
9
7
1
-3
104
11
-13
-3
-24
-17
5
8
-27
5
57
69
-21
42
-1
-27
-36
5
-23
-21
-18
-2
-9
-16
-15
12
-12
-12
-20
-5
70
48
18
17
4
6
124
-18
-21
-9
-2
-15
3
-30
21
6
25
5
2
-27
6
24
-10
2
-22
5
-13
73
15
0
-15
86
-21
-35
16
-7
15
9
-9
9
-7
35
-13
-22
21
-21
-2
4
-5
-16
-9
-10
0
-5
19
14
18
-29
93
27
-3
2
3
-22
27
2
10
31
241
41
-13
34
-4
-8
2
1
-10
21
11
-13
-4
-21
3
138
-8
-15
-16
-19
40
-11
-1
-11
17
5
-9
-14
23
105
51
12
0
-22
6
-37
28
6
-8
12
-13
11
-21
12
-16
-24
-12
-9
-17
-14
-9
-36
-9
-31
54
-8
10
-14
30
12
-23
-7
16
-3
20
43
-4
-19
-16
3
-5
-13
37
-13
-10
1
-35
-1
-19
-5
-29
-9
-23
1
-10
-18
-34
-24
-16
11
2
16
-28
8
17
4
21
25
1
-20
3
4
-12
11
-6
-8
118
0
50
3
-10
-6
-14
6
-19
-12
-31
-23
-18
9
42
-8
23
86
17
29
28
6
238
-12
-9
-4
-15
-23
-19
-10
-24
-21
-21
77
52
0
-9
15
9
63
-17
63
-21
-13
-38
215
6
-22
6
7
-22
-28
-16
-8
-23
-15
7
-15
11
11
-20
2
0
-10
-12
-9
-6
29
20
-11
30
5
-15
-19
-39
-2
-9
-24
-9
-11
38
7
-27
-5
-24
19
-9
232
109
20
-13
-6
-21
-4
-6
-12
-13
11
-4
-19
-34
-29
-9
-19
107
-13
1
-13
-10
-25
67
-27
-13
128
13
10
-8
-21
-11
-3
-7
2
-9
-8
10
-3
-9
-22
25
-5
8
43
66
78
-23
24
-2
71
37
13
-13
-34
6
35
12
5
-33
18
-17
-1
-8
-10
8
8
-7
21
-4
-11
-33
53
-20
17
-2
-20
-3
-4
-17
-3
-8
-6
-27
108
-26
30
26
2
7
-9
-17
-43
33
-17
52
-21
5
-29
3
117
28
1
-49
-45
19
19
-29
-12
-24
2
15
-18
23
-14
-15
-14
3
-13
-20
2
-14
-20
68
-10
19
-10
-33
46
18
-4
-20
0
-5
-4
7
13
71
30
27
9
-3
1
-16
4
62
34
10
67
-7
-11
4
14
-30
4
80
17
1
-7
10
47
15
-39
-24
-19
70
-5
-9
21
-10
41
-12
-2
-7
-14
-33
-5
-19
161
-4
-7
-37
-20
-23
-1
-7
-13
-17
30
16
-19
91
-15
-14
-14
62
-4
56
37
6
-11
22
-26
-43
-8
2
-8
25
-8
-4
43
5
31
7
-19
-4
15
-20
-28
3
3
-10
14
-19
21
6
-21
-11
-13
-61
-6
-15
34
-5
5
5
-23
0
-15
10
-12
-2
3
-11
12
-10
-23
-11
2
-21
-2
5
-27
-5
3
-10
-4
8
-19
-14
8
-7
-14
-17
-15
7
-22
11
-13
-12
-42
-11
57
0
27
30
40
-5
-6
-15
87
-11
12
-6
-4
-4
55
-14
-32
-19
9
-42
-2
-17
-9
7
-18
14
-48
18
-6
8
-4
55
5
-15
8
83
16
29
120
20
-7
-11
154
12
-18
-1
12
20
3
194
22
-4
-35
-17
85
-11
82
6
-4
8
-20
112
-33
-22
5
-12
-2
98
-25
-33
2
54
-35
29
-17
63
198
-16
151
35
12
-14
1
-13
19
-30
-2
-12
12
-5
-17
44
10
-6
-31
-8
13
-9
-19
8
-17
-18
0
-16
8
64
-16
-8
31
37
1
-9
-13
23
-7
5
-8
91
-11
-24
7
-19
-20
19
-53
105
-28
-30
9
-6
-27
-14
-9
-5
-11
-9
-10
14
-3
-40
11
50
-29
13
-45
-9
-10
-12
-15
114
-35
1
-20
66
-9
2
-6
-5
10
67
-11
0
-3
6
8
-9
-12
3
99
-18
-21
-24
-2
-12
36
-25
-36
-10
1
-36
-28
22
-23
-7
1
48
-21
-7
16
9
-19
3
3
-2
-5
46
-1
9
-11
3
-6
-9
2
-41
48
-14
25
4
-26
-1
-11
-10
-3
-19
46
-6
8
-20
-12
11
15
13
-1
123
-18
-3
-47
44
-18
14
-8
-16
5
-3
-3
6
6
3
-19
29
3
-1
65
-2
-20
11
1
-11
-19
-29
-4
0
-27
-20
-4
73
-9
148
19
-13
-32
-17
-6
-9
-7
-8
-16
136
-8
-18
39
-13
-27
-25
-20
-7
-15
-6
7
-1
12
-11
-10
1
-18
-20
-8
92
-12
-2
3
-23
3
20
-5
-7
24
40
11
2
-29
10
40
-25
-2
-19
7
-22
39
-9
-26
-9
3
-1
-5
-31
-3
9
32
-14
5
95
38
-15
-8
-10
-28
13
-22
3
1
10
-17
-41
-13
17
108
0
-20
-13
-17
-17
-13
-8
57
57
49
17
-3
27
-30
1
-10
-1
-20
-10
-18
-10
139
3
9
-9
-8
25
30
4
-22
-16
2
19
14
-13
7
13
15
-15
-30
4
-10
-1
85
-7
12
17
-14
53
-12
-9
10
-26
27
-17
14
-24
10
9
1
41
-15
9
21
7
-6
34
-29
0
34
-2
4
-16
-23
3
18
-9
14
4
0
-17
-8
-21
59
-7
3
-3
0
-1
63
21
-25
-3
-21
26
-10
4
9
-2
-1
-9
-18
-16
-42
-12
-28
26
92
-4
13
-1
-23
46
14
-28
28
-7
-14
-16
-25
9
15
2
20
-20
-17
-19
0
-24
13
-7
-7
-4
-14
19
53
-5
7
-18
-22
18
45
-10
-3
35
11
-12
-44
-17
-2
34
8
-14
160
14
-8
-15
82
-35
-21
122
4
-4
0
-25
148
11
16
-6
-14
15
95
-13
-1
-1
12
-6
-4
-28
-15
-18
48
-5
77
-1
15
1
8
-2
19
-11
1
-5
-31
17
-6
20
1
49
-8
0
2
-2
-31
-11
32
-6
-9
52
13
6
18
-11
-2
1
46
15
-13
80
-29
17
-22
-8
39
1
-6
-17
-2
-13
12
-5
-21
-5
-13
0
-14
-24
61
-37
-3
-23
-11
33
43
1
56
38
37
6
11
-44
-2
-28
-6
3
-2
-15
-17
-12
-22
12
2
-10
170
-12
-3
-13
-24
-36
6
-9
-11
4
3
-17
-7
5
-4
5
14
250
-3
107
9
-21
4
-27
-25
-19
3
0
2
-10
-9
77
-30
-5
5
-9
18
-11
-12
4
84
-20
8
1
-14
-18
-10
-19
63
-23
-5
29
15
8
-6
79
12
-21
-2
1
-8
-36
16
-12
-7
-14
6
9
0
-10
-15
362
36
-5
-20
-6
-13
23
-32
16
55
24
-12
138
-12
0
-26
26
-12
-23
55
2
-7
-16
128
-13
-8
104
4
-7
-1
9
69
-5
-16
62
6
-11
-7
9
76
21
-14
26
-17
12
-20
4
15
13
37
60
12
-16
17
15
-28
-7
23
-5
-28
42
-8
182
-19
-19
-16
21
-5
-16
-8
16
28
-9
-9
4
51
-11
6
62
-14
34
-18
-9
-3
-17
-18
-2
-24
-5
1
19
7
-31
-10
-8
48
7
-6
-17
80
-14
-3
-13
196
0
13
-34
-24
-15
67
51
-28
1
-1
-4
-11
-8
-1
-15
-23
15
-9
74
17
-11
4
-8
20
-9
-12
50
-4
0
-1
-14
-21
1
10
0
-11
-13
99
-18
-7
-12
-12
9
23
15
14
5
35
-17
5
10
93
-6
1
45
-15
6
33
-6
-19
-11
-47
-24
-11
3
182
-18
4
95
8
71
2
5
-2
-15
-8
61
-25
-14
-24
4
1
-15
-54
8
15
180
-18
-1
-3
-6
3
2
-2
-21
5
66
120
-17
-26
1
-6
-15
6
-6
-17
50
-10
124
-20
5
-3
-4
18
-12
-23
-27
58
140
-31
-3
-6
-32
40
-17
-3
11
33
2
162
-35
2
-8
0
11
-43
-5
-6
14
-22
-6
-13
-13
-12
25
56
0
-4
-5
10
-6
-31
0
-24
2
-13
-1
3
-11
-24
-17
-20
1
29
-1
-14
30
9
-11
26
-18
-7
-11
-11
4
6
-11
2
-4
-19
26
-11
-18
-24
-10
-25
-13
12
242
-20
-27
-10
64
-14
61
30
11
11
17
27
-5
280
7
-26
-6
27
-5
-8
-6
-10
-10
16
-18
-12
-3
25
-10
-8
-17
6
-18
27
45
-47
2
-66
-4
-7
73
34
2
-4
-7
165
-7
-6
-5
-22
-19
40
1
5
-19
-34
-29
-29
10
43
-16
77
12
-41
-8
-5
0
-7
19
-4
-19
3
-5
-18
42
51
-11
-16
-30
-15
-26
30
-14
-22
11
75
-31
-33
-15
18
-15
-6
-11
-8
3
-7
-26
-25
-11
-6
20
6
4
-37
-15
8
0
-12
-8
-12
2
-3
13
204
-27
77
0
15
-5
-12
7
-21
13
-22
-26
-28
-22
-12
-21
-6
14
-24
-18
27
23
-17
18
-12
17
-6
31
-8
-37
-12
13
-10
-13
-7
-4
20
-29
-15
-21
1
-31
10
-7
8
-7
63
-3
-11
-1
35
-14
4
27
5
-3
-18
4
111
-13
12
34
-21
-21
-4
-19
-28
71
2
36
6
24
-7
-2
23
3
20
-4
-11
-7
8
-13
2
-19
-19
-14
-23
15
-1
-21
-32
-16
-21
20
16
28
29
-5
-5
-2
9
-1
16
80
-7
31
-13
-11
-2
68
8
-10
18
-28
-7
-13
226
57
-7
0
-7
18
-11
-22
9
-14
-3
-6
0
-20
-7
140
-13
16
-13
-4
35
-17
-10
22
-14
12
-23
-9
-16
-19
18
-18
-15
-9
12
11
-32
26
-16
6
-14
1
1
5
0
-12
-3
-18
-3
-3
13
-8
-7
-20
-2
-11
5
7
-19
-2
-21
8
-2
-24
44
-6
-31
-23
-2
-3
-26
-16
-13
6
-18
-4
2
112
63
65
11
2
-18
-26
15
-2
-5
-2
-7
-23
74
-16
18
-12
-2
-29
11
-7
-7
-14
4
-9
3
-10
9
-4
-6
-20
-5
-23
-6
12
19
-7
-4
-30
-7
5
12
-6
-3
-12
-7
-2
5
-3
-11
-9
-8
31
-25
8
-34
24
3
-9
-20
11
6
73
-11
-8
141
-18
10
79
-1
-26
-30
124
-17
-5
9
-18
-16
2
-34
60
-8
-19
27
-14
2
10
-27
36
-14
19
23
-4
-41
21
11
29
-6
10
-9
-10
50
22
-8
0
224
1
10
-3
-22
10
-29
22
27
-2
-1
13
-4
75
-20
-11
-29
-18
15
4
23
-17
-12
154
-4
50
54
5
17
-6
-25
8
-9
-4
-35
-15
-8
92
-13
-10
-4
-11
11
1
-8
-6
-11
-36
-7
17
-4
48
8
-19
24
5
-13
7
11
200
14
149
16
3
82
-12
-2
-2
1
-7
10
-17
-7
-25
-12
-15
-13
-17
-4
-12
-7
10
-2
-32
7
-7
-45
-8
-35
-11
-13
160
11
11
1
3
-20
15
-14
6
-19
-10
-5
49
40
-11
-19
-13
9
-31
-6
112
-10
-17
136
-10
24
-39
43
-13
-15
-8
-3
-14
-18
-18
16
-19
40
0
94
-5
-8
-8
-20
-13
-20
222
-8
-17
-10
-5
5
24
-17
39
-22
22
14
11
-13
-1
-15
26
-19
-39
-41
-27
4
77
-20
39
-39
-3
-15
-23
11
-14
-10
-19
4
8
20
60
7
-4
10
-6
-20
-31
43
-22
9
-4
10
189
1
-14
1
83
48
3
20
-23
19
329
-2
-26
-6
-16
-15
119
1
-12
-3
-21
-17
8
7
7
-16
2
10
14
1
-45
-8
-20
-9
15
58
13
-14
8
-29
51
-52
21
22
-18
11
-15
-1
167
32
16
-10
7
-1
1
2
-3
-5
14
-15
-4
-2
-11
-7
-5
0
-13
-20
44
16
72
-1
98
-13
66
0
-19
20
6
-12
14
-11
-5
-5
123
16
52
-19
25
-14
23
-12
-9
-6
143
46
3
15
25
28
50
0
-16
16
19
-25
-13
94
-14
17
-22
12
33
-9
-24
-1
4
-6
-1
3
-25
10
-12
-6
-31
-44
-5
131
-17
-17
-15
-18
3
25
-5
6
-20
-9
-26
-14
188
14
-15
-5
6
-21
25
-15
0
17
-24
-8
18
2
-8
-19
-4
-12
-21
3
30
-8
-10
26
-17
57
-10
12
107
7
17
45
-4
6
-30
6
305
21
4
35
17
8
43
-18
1
41
-8
-17
206
-4
-7
-51
-1
-4
3
-2
14
0
1
37
-21
-10
0
5
1
2
-13
-15
-17
17
-34
123
42
-25
10
-3
-13
-8
-14
1
51
80
-2
-9
9
-2
-35
33
-12
2
-10
-13
-10
8
-11
-13
-1
-16
-22
-1
-5
-23
8
27
5
-1
-33
-6
-17
8
-5
-13
-21
-11
11
-10
20
-32
-30
-27
-3
49
-1
9
-15
-5
-11
-12
-16
-1
-3
-5
-4
-23
-1
3
-18
-20
24
-9
-20
74
2
-3
-31
-23
-18
14
-17
-4
75
9
3
28
-17
7
-18
-14
237
-4
36
12
8
-8
-9
15
-35
-2
-17
-17
70
-3
0
20
-2
34
-24
-28
-21
-6
-5
-6
0
-11
-2
-36
-9
-21
62
-21
-15
-4
-36
-13
-19
-8
53
2
14
-23
-9
-19
-13
7
13
-10
-7
1
-3
-10
14
-14
-16
-16
-12
-18
0
-13
97
3
-14
22
-13
20
-6
-17
19
6
-1
2
78
-11
-6
5
22
-2
-2
132
-19
5
-9
-2
66
-4
-4
192
6
-11
-21
10
-8
-1
18
-11
72
-9
77
-22
94
2
3
0
44
-13
84
21
13
-8
-15
-21
-14
24
-19
-15
-18
-12
70
0
15
18
2
-13
24
22
-24
1
-9
1
-9
-14
13
-3
5
-4
15
2
-2
-12
26
9
11
-17
-4
-6
55
-20
-17
8
-13
-10
14
18
22
-10
-7
-7
231
-25
-13
15
59
-34
38
-20
-21
-17
20
-13
11
-7
-5
-1
7
-38
1
-2
-9
-23
-15
7
-25
-2
18
-21
4
-16
17
-10
2
19
55
0
-16
-6
-6
3
0
-30
-5
-14
-2
-38
7
-8
1
10
0
-17
-13
-29
27
-4
586
-6
-31
-4
11
-8
-12
-11
-16
-11
-20
5
-4
11
5
140
25
7
-1
15
1
-9
78
2
86
-13
2
-9
1
-37
-13
31
-1
-6
-40
-17
29
0
-33
105
4
-6
9
-14
-6
6
9
1
-15
21
47
142
-11
-5
16
24
-38
91
-18
-5
10
51
-18
15
11
-24
-7
-11
-6
-1
-5
-10
16
-19
-2
230
-10
1
-28
-28
-9
9
7
-10
-23
-6
-13
15
-18
35
-8
56
-22
-39
-5
-4
0
68
-21
1
49
-12
102
-11
-3
-6
-17
-12
-11
9
15
-41
-10
15
16
-6
51
-9
31
-25
-17
13
-13
-38
18
-7
3
-28
-22
-4
-12
-14
-32
-14
39
131
10
-12
4
36
18
3
-1
30
-5
-13
27
75
2
12
0
-13
85
-23
-8
81
-15
-3
-19
2
-21
59
5
8
2
-2
2
-31
-15
1
-15
-6
-20
43
-3
-13
-9
5
-6
36
-13
-43
6
-15
-2
0
-23
-7
56
-6
-1
-24
16
11
14
-11
-8
-33
35
-10
-5
-21
-26
5
-17
15
66
-7
-14
-2
5
10
88
-9
-16
16
53
40
-15
-14
-12
7
25
9
-18
73
46
-8
257
12
-1
32
54
2
-1
42
21
-4
88
13
-41
-18
21
-17
-10
15
33
-1
-25
-32
-7
4
-14
-2
40
-12
-47
4
15
-7
15
-15
-25
-37
26
6
-16
-10
-3
4
6
227
89
60
9
14
-17
1
39
-31
-49
6
-13
24
-2
20
-13
-11
9
-8
146
-2
-5
10
-2
-12
-1
-1
-12
-2
13
-3
11
-2
-12
-34
322
-10
113
74
68
37
-22
24
53
103
47
-17
-20
12
-4
-14
29
7
8
-9
-10
-2
5
-21
-14
13
-5
34
-8
-2
56
-30
-25
-16
-13
12
-3
9
-5
-19
-9
-11
-12
-21
-18
7
-10
205
-17
-7
-6
-21
14
-14
17
-23
55
152
5
10
-7
4
99
30
8
22
183
-13
3
14
-37
-12
16
-1
-2
-7
32
-19
18
3
99
-8
18
24
-2
2
-13
6
0
36
-3
-11
-11
-26
7
110
60
-9
6
7
-11
11
-17
-13
0
0
5
-28
-21
-7
7
-23
-12
7
4
1
-5
-12
-26
-6
-1
-27
-13
-37
34
-2
-12
-6
-14
-14
-8
7
-13
6
-9
21
1
49
6
-14
-6
1
-5
-18
14
-3
-16
-2
7
71
-4
-12
-13
-11
55
-4
7
23
137
8
-5
-9
21
-17
128
-26
40
-10
-1
22
-14
-1
-6
20
-12
-5
32
-9
0
20
-27
-11
31
38
-10
-24
4
-3
32
27
-12
-11
20
-14
-11
7
-2
-6
-14
-24
-19
-30
14
-18
7
-7
11
-4
1
-6
-3
61
-9
117
-2
1
-9
-12
-9
-21
-13
34
-14
8
-12
53
2
8
-11
-3
-4
10
-22
78
-22
-17
-8
12
-25
7
88
-12
0
-3
-21
-3
-5
-23
-16
-14
-10
-5
-3
4
-16
-5
11
46
4
5
-5
15
-13
3
-36
3
-5
0
-31
-18
1
13
-7
-29
-8
-7
1
-13
14
-24
22
-11
0
-14
15
6
46
3
9
-1
-2
128
-22
-18
69
21
7
35
-26
-11
152
9
-2
-5
-34
76
-1
-4
-9
48
-14
6
-11
-3
18
-11
169
56
-12
39
-13
82
63
-1
51
10
-3
-6
-12
0
-29
-22
-8
8
-28
26
-43
13
60
-13
4
7
76
-10
-14
-9
-21
-7
6
15
-28
6
69
8
-6
-8
-3
-1
-26
-4
35
-8
-9
-7
30
-33
-13
-26
-13
-12
-3
39
100
9
-4
0
0
17
-28
113
12
8
-11
13
-18
-11
64
119
22
10
2
17
0
-3
-5
12
-31
15
-5
12
0
-15
-16
94
-2
6
9
-5
-9
-23
-27
-33
-25
16
-11
-5
-29
83
-13
15
23
-21
-25
-16
-19
118
58
-5
-17
7
-7
-15
-35
1
7
-34
0
56
-25
-16
-10
-6
-15
4
-4
214
106
-24
-16
-10
-9
-8
106
-18
7
-31
15
-5
-25
-12
49
-17
-27
3
1
-6
-46
52
10
-22
12
-13
27
-29
0
-13
2
23
7
-11
-17
-13
-26
-11
-15
16
20
1
-34
-20
3
42
22
8
-13
17
11
-1
-10
-28
-11
-3
-9
-17
-15
-22
-7
13
-9
-31
-5
12
-7
53
7
-6
-2
14
34
-7
-3
-28
-13
-9
-16
-19
-6
-18
-34
-48
-17
111
-17
-26
-12
31
-10
-10
-16
5
9
2
6
-35
-21
21
-9
2
5
3
85
-6
40
10
8
1
10
-12
-10
0
40
4
-5
7
59
-24
-15
102
-11
18
-18
11
212
8
73
-13
-8
6
-21
-8
-13
8
-20
32
17
3
-24
-11
-15
4
-15
-13
-22
-2
-7
-8
-16
-4
-11
33
5
-14
6
-33
10
-1
-8
5
80
-8
5
-3
-4
-6
-18
1
-16
-2
-7
-7
-13
-3
20
-11
18
-8
-35
-3
16
-14
200
-21
16
41
-12
60
-7
-11
4
-7
136
-26
-3
-7
12
-3
4
18
-27
22
-17
71
-11
-1
-8
-5
-13
4
32
-42
52
2
-19
-12
-12
-11
2
-17
2
-9
-9
-19
46
-11
-24
-3
26
50
12
-28
9
92
46
-16
18
-3
-13
-17
-26
123
-11
-4
-24
-2
-14
-6
-11
-5
0
-7
-13
18
5
-49
14
-28
-12
42
-7
32
-5
-9
-21
-16
-40
8
-15
101
-4
-7
-22
-4
-29
-14
19
-13
-13
-3
10
21
2
164
4
-21
-9
-26
-14
24
-17
61
-14
-8
-12
1
-13
8
-2
16
-12
2
-5
-31
-14
11
-28
-5
30
11
137
-13
-15
4
-2
4
-11
-3
37
105
0
13
0
14
-21
11
-9
3
6
1
-21
3
-10
-5
2
-23
8
-18
-36
19
17
-5
104
116
-9
31
-15
-36
-9
-7
-9
48
13
9
1
-9
-1
-33
-20
2
-15
-5
1
39
-7
81
5
40
101
-6
-12
0
-29
-13
203
-7
-13
-6
-1
-14
0
-3
-2
-16
-11
11
-14
75
-15
53
-4
59
-12
14
-28
-16
63
-7
4
-20
-30
15
15
-11
39
-32
13
4
-3
-41
-13
-6
-20
-24
11
-1
-5
45
-16
-4
-5
-3
-29
-29
-23
-13
9
21
-13
-17
17
1
-17
-14
-1
-16
-30
-15
-2
-8
-22
305
-13
149
-5
-25
-14
-19
5
5
-35
-5
231
-12
-21
-11
-9
-10
-11
-20
37
-5
-12
1
-9
-22
5
6
-23
-24
23
25
13
3
14
-30
47
-12
-9
-13
42
17
37
-26
9
-38
-3
-4
120
-14
-6
-22
16
-4
-15
1
-27
-16
-10
-13
2
16
11
7
-4
-1
-31
2
12
1
-17
-8
-13
26
63
21
19
8
-5
26
13
20
-11
0
-19
107
-21
1
54
13
-5
-13
6
0
-5
-9
-5
-18
-30
-1
11
-4
9
-4
-29
81
-7
-20
56
10
-18
-29
-16
-20
-43
3
-12
15
-1
-10
91
-10
24
-27
-5
-5
12
16
1
-30
-7
-14
-7
6
-3
0
24
-4
35
-20
-23
-19
-5
50
17
-10
44
-5
-20
-9
-23
114
-16
4
-17
43
201
-11
-19
-8
848
13
8
-2
14
-13
-23
-19
34
-7
-21
-14
-12
-43
-14
-20
-7
3
-16
-17
-22
1
-8
12
-30
-27
30
-19
-16
-21
-11
-6
-10
-5
-8
-12
5
-11
-10
-4
-15
4
0
5
19
-13
2
95
-10
-7
12
27
98
62
-14
-9
-19
1
-14
-37
6
14
8
11
-20
-28
21
-39
91
-15
11
13
-17
-2
-18
11
10
-10
89
8
0
-9
-20
-26
-16
54
144
6
-8
-18
41
6
12
13
13
-30
29
-6
9
-7
-13
134
-10
-9
-20
-34
3
9
2
-7
-1
-13
6
4
-24
15
7
11
39
8
-54
-11
-10
7
-14
-7
4
-11
-16
-25
-2
13
48
114
121
-7
-6
-14
-12
-7
-22
-25
-6
7
-11
-23
-12
-8
9
9
-18
-2
5
13
24
3
78
-7
-9
-9
-4
17
31
9
-26
-9
-28
-27
-21
21
-10
5
-1
78
-7
-15
-16
-21
-12
-18
-25
4
-14
-15
-3
337
-12
44
-14
-20
3
-13
-9
11
-1
-8
-11
-5
2
1
19
43
-9
-20
29
60
2
-20
136
-2
8
-8
-7
8
15
-5
5
-8
-10
1
14
8
-18
-20
7
-18
39
15
0
17
-6
17
13
74
-22
5
-14
27
11
-15
-3
24
-10
-15
6
-6
